3.716224E+01 2.756316353913E+08
6.238525E+01 2.756316354932E+08
4.796132E+01 2.756316362440E+08
1.060708E+02 2.756316369992E+08
7.955164E+01 2.756316390196E+08
1.083583E+02 2.756316390404E+08
9.058215E+01 2.756316390611E+08
2.619380E+02 2.756316391216E+08
6.789360E+01 2.756316396882E+08
8.934577E+01 2.756316400774E+08
9.587241E+01 2.756316406473E+08
2.312792E+02 2.756316413718E+08
7.572761E+01 2.756316419768E+08
6.214799E+01 2.756316459406E+08
8.709389E+01 2.756316512309E+08
1.214367E+02 2.756316522178E+08
6.533774E+01 2.756316546244E+08
1.258582E+02 2.756316802249E+08
1.245568E+02 2.756316811923E+08
3.682988E+01 2.756316812715E+08
6.017028E+01 2.756317063619E+08
3.547097E+01 2.756317878157E+08
2.735143E+02 2.756318943263E+08
4.347403E+01 2.756316333774E+08
5.757543E+01 2.756316355663E+08
7.014294E+01 2.756316419365E+08
3.408361E+01 2.756316333176E+08
6.234115E+01 2.756316337612E+08
5.074633E+01 2.756316337927E+08
3.241225E+01 2.756316338886E+08
1.624796E+02 2.756316339597E+08
5.933823E+01 2.756316339952E+08
8.656417E+01 2.756316342718E+08
7.230956E+01 2.756316344054E+08
1.382893E+02 2.756316345095E+08
1.494566E+02 2.756316345259E+08
3.102744E+01 2.756316345718E+08
3.415354E+01 2.756316345983E+08
5.766581E+01 2.756316346381E+08
1.322566E+02 2.756316347060E+08
9.139006E+01 2.756316348838E+08
3.383173E+01 2.756316350201E+08
9.423777E+01 2.756316350500E+08
4.204473E+01 2.756316351472E+08
6.833357E+01 2.756316352333E+08
7.363301E+01 2.756316352720E+08
1.240691E+02 2.756316353807E+08
1.072900E+02 2.756316353975E+08
1.347296E+02 2.756316355847E+08
9.340277E+01 2.756316356479E+08
7.317837E+01 2.756316360189E+08
8.879504E+01 2.756316363442E+08
9.776344E+01 2.756316363872E+08
5.015186E+01 2.756316364013E+08
1.300993E+02 2.756316368037E+08
6.904492E+01 2.756316374592E+08
4.095133E+01 2.756316381829E+08
6.282859E+01 2.756316388951E+08
5.768234E+01 2.756316389424E+08
1.415454E+02 2.756316389431E+08
4.465395E+02 2.756316389522E+08
5.656884E+01 2.756316389580E+08
8.946207E+01 2.756316389691E+08
4.570808E+01 2.756316390555E+08
8.138775E+01 2.756316392081E+08
1.155505E+02 2.756316392808E+08
1.583341E+02 2.756316393004E+08
2.022511E+02 2.756316394103E+08
1.053062E+02 2.756316394262E+08
5.222060E+01 2.756316396354E+08
7.301644E+01 2.756316397664E+08
5.931576E+01 2.756316403702E+08
4.313740E+01 2.756316403987E+08
1.050801E+02 2.756316404427E+08
1.216397E+02 2.756316405541E+08
9.467368E+01 2.756316405822E+08
8.589606E+01 2.756316407751E+08
1.185311E+02 2.756316407903E+08
7.809486E+01 2.756316411958E+08
9.253452E+01 2.756316412627E+08
1.825359E+02 2.756316413253E+08
7.064312E+01 2.756316414504E+08
4.048737E+01 2.756316416369E+08
4.377705E+01 2.756316424837E+08
1.576158E+02 2.756316424955E+08
4.480962E+01 2.756316431568E+08
7.355925E+01 2.756316447397E+08
1.408498E+02 2.756316470239E+08
3.034402E+01 2.756316480121E+08
5.754689E+01 2.756316484893E+08
2.665070E+02 2.756316489542E+08
9.792960E+01 2.756316522897E+08
5.984792E+01 2.756316534880E+08
6.063235E+01 2.756316561184E+08
7.010199E+01 2.756316639764E+08
1.329211E+02 2.756316655430E+08
8.413467E+01 2.756316698842E+08
9.916822E+01 2.756316706760E+08
7.722308E+01 2.756316745812E+08
4.481446E+01 2.756316820888E+08
1.577204E+02 2.756316841644E+08
3.924817E+01 2.756317048058E+08
1.057526E+02 2.756317506304E+08
3.472904E+02 2.756317871050E+08
8.867687E+01 2.756318007117E+08
6.910827E+01 2.756318465536E+08
2.316612E+02 2.756318499301E+08
2.039562E+02 2.756318529776E+08
1.550899E+02 2.756318854141E+08
5.663382E+01 2.756316313270E+08
4.267797E+01 2.756316389915E+08
7.021832E+01 2.756317338504E+08
8.075701E+01 2.756318788446E+08
3.497852E+01 2.756316340185E+08
1.023410E+02 2.756316343059E+08
7.248676E+01 2.756316346478E+08
6.882684E+01 2.756316351745E+08
6.282845E+01 2.756316351831E+08
8.619228E+01 2.756316352645E+08
1.050365E+02 2.756316355604E+08
7.053531E+01 2.756316360395E+08
9.727443E+01 2.756316363617E+08
1.061092E+02 2.756316365093E+08
1.278415E+02 2.756316366130E+08
5.485625E+01 2.756316367301E+08
4.739685E+01 2.756316389175E+08
1.121944E+02 2.756316389429E+08
1.861985E+02 2.756316389458E+08
7.882112E+01 2.756316389684E+08
3.410379E+01 2.756316389737E+08
6.438363E+01 2.756316400718E+08
6.500685E+01 2.756316404742E+08
4.319303E+01 2.756316404870E+08
1.135150E+02 2.756316406297E+08
4.812655E+02 2.756316412886E+08
3.883139E+01 2.756316434182E+08
1.446882E+02 2.756316444587E+08
9.579722E+01 2.756316622445E+08
3.553930E+02 2.756317048152E+08
1.289814E+02 2.756316313687E+08
3.294115E+01 2.756316330847E+08
1.245754E+02 2.756316337639E+08
6.910110E+01 2.756316339911E+08
7.296326E+01 2.756316344171E+08
7.271079E+01 2.756316345929E+08
1.044102E+02 2.756316347163E+08
1.009479E+02 2.756316348241E+08
9.453542E+01 2.756316349648E+08
1.311757E+02 2.756316350186E+08
3.762031E+02 2.756316351584E+08
3.872676E+01 2.756316352800E+08
2.161326E+02 2.756316356269E+08
9.537682E+01 2.756316358193E+08
5.677600E+02 2.756316359287E+08
1.828343E+02 2.756316361223E+08
5.132634E+01 2.756316362844E+08
2.888793E+02 2.756316380730E+08
2.405795E+02 2.756316383522E+08
3.843151E+01 2.756316388934E+08
1.307975E+02 2.756316388981E+08
7.578578E+01 2.756316389434E+08
6.015007E+01 2.756316389446E+08
8.833136E+01 2.756316389486E+08
1.187841E+02 2.756316390244E+08
6.764932E+02 2.756316390274E+08
9.304747E+01 2.756316394616E+08
9.218052E+01 2.756316394781E+08
6.234296E+01 2.756316404436E+08
3.422987E+01 2.756316404453E+08
1.455427E+02 2.756316405338E+08
1.755494E+02 2.756316407446E+08
1.789646E+02 2.756316411213E+08
8.875186E+01 2.756316414756E+08
2.908066E+02 2.756316421709E+08
1.453580E+02 2.756316425196E+08
1.156818E+02 2.756316430395E+08
5.582737E+02 2.756316456033E+08
4.066578E+01 2.756316465263E+08
9.635989E+01 2.756316472573E+08
7.147798E+01 2.756316474013E+08
5.525801E+01 2.756316475413E+08
1.562343E+02 2.756316483587E+08
6.542067E+01 2.756316514874E+08
7.959222E+01 2.756316572141E+08
2.907814E+02 2.756316625348E+08
4.826654E+01 2.756316675183E+08
8.573925E+01 2.756316733216E+08
2.519604E+02 2.756316766844E+08
4.839281E+01 2.756316968117E+08
7.940170E+02 2.756317118087E+08
1.752886E+02 2.756317193009E+08
7.324786E+01 2.756316407167E+08
6.523837E+01 2.756316344066E+08
6.269460E+01 2.756316364098E+08
7.062320E+01 2.756316308585E+08
1.305615E+02 2.756316312034E+08
2.337628E+02 2.756316330631E+08
7.427847E+01 2.756316334393E+08
1.591023E+02 2.756316334584E+08
1.267706E+02 2.756316335417E+08
3.550078E+02 2.756316336657E+08
4.783111E+01 2.756316336835E+08
1.608480E+03 2.756316337553E+08
8.480934E+01 2.756316338795E+08
4.588971E+01 2.756316338935E+08
7.133527E+01 2.756316340229E+08
5.003598E+01 2.756316340250E+08
2.714099E+02 2.756316340832E+08
4.811058E+01 2.756316342067E+08
8.899915E+01 2.756316342155E+08
1.088556E+02 2.756316342823E+08
9.286447E+01 2.756316343305E+08
4.908755E+01 2.756316343720E+08
5.709631E+01 2.756316343886E+08
7.911255E+01 2.756316344676E+08
1.244583E+02 2.756316345523E+08
5.269013E+01 2.756316346234E+08
2.291250E+02 2.756316346592E+08
1.164343E+02 2.756316347041E+08
6.230716E+01 2.756316348159E+08
4.759421E+01 2.756316348436E+08
4.352406E+02 2.756316348536E+08
2.260871E+02 2.756316348794E+08
3.502758E+02 2.756316350786E+08
1.132380E+02 2.756316350973E+08
1.230115E+02 2.756316351343E+08
9.464980E+01 2.756316351564E+08
8.749650E+01 2.756316351690E+08
1.205127E+02 2.756316351985E+08
3.370576E+02 2.756316352176E+08
2.589935E+02 2.756316352188E+08
9.852503E+01 2.756316353176E+08
1.469839E+02 2.756316353768E+08
2.690400E+02 2.756316355969E+08
3.917696E+02 2.756316356317E+08
3.955904E+01 2.756316357059E+08
8.813242E+01 2.756316357976E+08
1.017661E+02 2.756316358176E+08
4.061309E+02 2.756316358379E+08
1.496179E+02 2.756316359114E+08
4.635043E+02 2.756316359632E+08
2.864676E+02 2.756316360673E+08
4.333551E+02 2.756316360992E+08
3.169240E+02 2.756316362659E+08
1.077268E+02 2.756316363462E+08
1.216723E+03 2.756316363514E+08
1.822162E+02 2.756316364050E+08
7.164633E+01 2.756316364264E+08
2.713665E+02 2.756316364801E+08
3.741026E+01 2.756316367212E+08
1.905172E+02 2.756316368714E+08
9.584343E+01 2.756316368791E+08
1.031650E+02 2.756316369033E+08
8.320217E+01 2.756316369892E+08
6.989340E+01 2.756316371597E+08
4.519951E+02 2.756316371915E+08
8.672720E+01 2.756316372287E+08
8.286692E+02 2.756316375732E+08
1.399424E+03 2.756316376643E+08
8.969323E+01 2.756316376941E+08
1.153447E+02 2.756316378994E+08
3.321623E+03 2.756316384671E+08
4.263478E+02 2.756316385593E+08
1.222537E+02 2.756316385794E+08
1.262477E+02 2.756316386975E+08
2.340959E+02 2.756316387788E+08
1.684430E+02 2.756316388235E+08
8.269741E+02 2.756316388608E+08
4.058379E+01 2.756316388745E+08
2.508559E+02 2.756316388762E+08
6.103211E+01 2.756316388767E+08
3.634632E+02 2.756316388773E+08
1.625596E+02 2.756316388857E+08
1.199828E+02 2.756316388893E+08
8.544239E+02 2.756316388940E+08
1.622556E+02 2.756316388986E+08
5.378015E+02 2.756316388989E+08
4.057325E+01 2.756316389019E+08
5.823806E+01 2.756316389043E+08
1.796499E+02 2.756316389092E+08
1.721638E+02 2.756316389095E+08
2.697977E+02 2.756316389110E+08
2.701558E+02 2.756316389315E+08
1.518193E+02 2.756316389337E+08
7.511267E+01 2.756316389407E+08
5.991261E+01 2.756316389509E+08
3.774777E+01 2.756316389515E+08
1.121196E+02 2.756316389601E+08
2.180174E+02 2.756316389651E+08
5.791216E+01 2.756316389700E+08
4.155160E+02 2.756316390019E+08
7.267780E+01 2.756316390099E+08
7.017689E+01 2.756316390103E+08
4.366281E+01 2.756316390148E+08
2.016364E+02 2.756316390185E+08
3.594546E+02 2.756316390339E+08
1.843418E+02 2.756316390398E+08
9.070156E+01 2.756316390572E+08
1.080494E+02 2.756316390662E+08
2.408226E+02 2.756316391005E+08
6.792049E+01 2.756316391252E+08
1.468291E+02 2.756316391340E+08
1.411803E+02 2.756316391454E+08
1.371740E+02 2.756316392586E+08
3.311204E+01 2.756316392864E+08
4.779848E+02 2.756316393665E+08
2.466322E+02 2.756316394252E+08
2.065177E+02 2.756316394503E+08
8.843266E+01 2.756316395039E+08
1.439572E+03 2.756316395200E+08
1.258867E+02 2.756316395750E+08
1.292224E+02 2.756316396864E+08
9.731840E+01 2.756316397191E+08
1.972471E+02 2.756316397248E+08
1.405760E+02 2.756316397425E+08
5.732177E+01 2.756316398502E+08
6.710325E+01 2.756316398504E+08
9.073895E+01 2.756316398951E+08
8.914971E+02 2.756316399047E+08
1.727014E+02 2.756316399081E+08
5.910548E+02 2.756316399335E+08
8.801482E+01 2.756316401170E+08
7.123751E+01 2.756316401546E+08
1.853477E+02 2.756316402420E+08
9.306620E+01 2.756316403055E+08
1.587536E+02 2.756316403530E+08
2.380664E+02 2.756316403571E+08
1.449159E+02 2.756316403576E+08
1.991467E+02 2.756316403614E+08
3.686960E+02 2.756316404303E+08
4.834016E+02 2.756316405095E+08
4.644485E+01 2.756316406405E+08
7.614342E+01 2.756316406630E+08
2.206788E+02 2.756316407584E+08
3.809376E+02 2.756316407921E+08
1.695353E+02 2.756316408088E+08
1.602561E+02 2.756316408235E+08
9.657602E+01 2.756316408373E+08
1.764636E+02 2.756316408586E+08
3.009826E+02 2.756316408794E+08
6.179022E+01 2.756316409194E+08
2.197999E+02 2.756316409424E+08
1.000807E+02 2.756316409726E+08
1.918480E+02 2.756316409935E+08
2.465324E+02 2.756316410015E+08
4.487652E+02 2.756316410839E+08
3.290421E+02 2.756316411646E+08
3.884668E+01 2.756316412274E+08
1.213736E+02 2.756316413242E+08
8.074885E+01 2.756316413521E+08
3.115703E+02 2.756316413647E+08
1.280615E+02 2.756316413767E+08
6.108785E+02 2.756316414547E+08
7.789536E+02 2.756316414605E+08
1.878996E+02 2.756316415454E+08
5.407354E+01 2.756316418257E+08
1.112401E+02 2.756316418346E+08
1.366404E+02 2.756316421155E+08
1.570927E+02 2.756316421454E+08
1.155962E+02 2.756316422414E+08
9.357598E+02 2.756316425116E+08
8.186725E+02 2.756316425517E+08
3.009776E+01 2.756316426095E+08
8.999471E+02 2.756316429537E+08
1.330518E+02 2.756316429612E+08
4.682766E+02 2.756316431035E+08
2.411461E+02 2.756316431235E+08
2.780296E+02 2.756316432078E+08
6.115839E+02 2.756316432244E+08
3.498420E+01 2.756316433645E+08
2.210702E+03 2.756316436922E+08
1.782825E+02 2.756316437266E+08
1.101685E+03 2.756316437880E+08
6.262569E+01 2.756316438555E+08
1.265686E+03 2.756316438690E+08
8.246078E+01 2.756316440815E+08
3.399727E+01 2.756316443339E+08
2.662022E+03 2.756316444552E+08
7.814619E+01 2.756316444676E+08
1.156770E+02 2.756316445872E+08
7.935970E+01 2.756316447364E+08
3.924769E+02 2.756316447845E+08
1.548468E+02 2.756316447881E+08
9.881474E+01 2.756316448558E+08
2.012222E+02 2.756316448750E+08
7.262406E+01 2.756316450051E+08
4.691885E+01 2.756316450258E+08
2.151311E+02 2.756316450852E+08
2.392919E+02 2.756316453124E+08
1.320993E+02 2.756316453550E+08
1.983802E+03 2.756316455369E+08
2.051132E+03 2.756316456672E+08
1.019315E+02 2.756316456816E+08
2.549045E+03 2.756316458525E+08
2.104314E+02 2.756316458927E+08
1.329223E+02 2.756316464447E+08
3.319586E+02 2.756316465831E+08
6.477677E+02 2.756316466045E+08
1.004283E+02 2.756316466669E+08
4.645503E+01 2.756316467315E+08
3.916510E+02 2.756316467405E+08
3.061541E+02 2.756316472563E+08
7.401330E+02 2.756316477431E+08
3.678196E+02 2.756316479232E+08
1.577645E+02 2.756316482315E+08
1.520152E+02 2.756316483552E+08
1.652018E+02 2.756316485387E+08
1.789328E+03 2.756316487601E+08
1.151821E+02 2.756316487966E+08
1.464617E+02 2.756316488871E+08
2.116865E+02 2.756316491088E+08
6.189606E+01 2.756316495049E+08
1.722405E+02 2.756316500364E+08
9.727531E+01 2.756316514722E+08
2.462030E+02 2.756316524068E+08
7.274207E+01 2.756316524856E+08
9.961066E+02 2.756316529694E+08
2.127809E+02 2.756316531448E+08
6.356330E+02 2.756316532834E+08
7.435275E+01 2.756316537888E+08
1.945995E+04 2.756316538250E+08
4.124206E+02 2.756316538987E+08
5.868461E+02 2.756316539879E+08
9.100314E+02 2.756316542665E+08
6.927783E+02 2.756316543123E+08
6.182140E+01 2.756316545518E+08
1.876593E+02 2.756316547331E+08
5.415886E+02 2.756316552992E+08
3.177741E+02 2.756316558472E+08
3.944431E+02 2.756316575312E+08
5.426407E+02 2.756316578364E+08
1.127032E+02 2.756316582057E+08
2.828250E+02 2.756316584213E+08
1.294983E+02 2.756316591060E+08
3.014185E+02 2.756316609490E+08
6.087581E+01 2.756316609542E+08
6.113172E+01 2.756316610630E+08
1.721620E+02 2.756316621584E+08
1.388756E+02 2.756316623510E+08
1.158967E+03 2.756316631029E+08
2.192802E+03 2.756316636797E+08
2.106514E+02 2.756316646764E+08
2.677007E+02 2.756316650830E+08
1.353060E+02 2.756316658529E+08
2.084969E+02 2.756316664914E+08
3.685131E+01 2.756316675561E+08
1.660666E+02 2.756316676919E+08
6.188551E+03 2.756316679767E+08
4.147557E+02 2.756316701929E+08
2.476258E+02 2.756316724171E+08
5.129619E+01 2.756316734792E+08
1.244321E+02 2.756316736326E+08
2.242787E+03 2.756316746290E+08
1.050613E+02 2.756316754782E+08
4.474588E+01 2.756316772287E+08
5.891031E+01 2.756316781474E+08
1.995310E+02 2.756316781947E+08
2.715390E+02 2.756316788091E+08
2.045787E+02 2.756316795879E+08
2.521119E+02 2.756316806803E+08
2.656126E+02 2.756316808777E+08
6.246642E+01 2.756316813136E+08
9.147012E+01 2.756316815267E+08
9.949920E+01 2.756316821603E+08
1.542007E+03 2.756316833898E+08
1.124962E+03 2.756316846625E+08
2.112320E+02 2.756316854489E+08
3.103665E+03 2.756316885370E+08
7.719723E+03 2.756316892741E+08
7.697130E+02 2.756316901865E+08
1.189584E+02 2.756316904137E+08
8.349451E+01 2.756316906824E+08
1.571528E+02 2.756316925191E+08
3.084278E+02 2.756316925720E+08
4.495143E+02 2.756316942264E+08
2.823138E+02 2.756316989934E+08
3.270317E+02 2.756317006125E+08
1.399861E+02 2.756317022379E+08
1.082449E+03 2.756317037689E+08
9.755007E+02 2.756317061727E+08
3.188360E+02 2.756317066936E+08
3.910814E+03 2.756317067894E+08
2.359479E+02 2.756317092010E+08
2.780244E+03 2.756317205468E+08
6.258262E+03 2.756317209987E+08
3.759256E+02 2.756317317753E+08
1.717108E+02 2.756317390817E+08
2.402273E+03 2.756317406043E+08
1.445309E+02 2.756317439358E+08
1.460397E+02 2.756317621231E+08
2.162420E+02 2.756317640631E+08
1.930605E+02 2.756317743530E+08
5.340319E+02 2.756317798420E+08
1.585660E+03 2.756317935107E+08
1.459239E+02 2.756317963759E+08
9.822641E+01 2.756317968547E+08
1.793630E+02 2.756318111344E+08
1.385808E+02 2.756318172247E+08
2.144699E+03 2.756318279824E+08
4.653367E+02 2.756318354547E+08
1.791378E+02 2.756318378960E+08
4.954049E+03 2.756318479096E+08
1.403698E+02 2.756318680931E+08
6.935218E+01 2.756316338932E+08
1.272248E+02 2.756316352837E+08
7.546463E+01 2.756316353147E+08
1.216878E+02 2.756316366406E+08
1.039689E+02 2.756316367491E+08
9.779259E+01 2.756316389218E+08
3.015345E+01 2.756316389344E+08
1.163822E+02 2.756316391723E+08
8.397696E+01 2.756316395212E+08
8.821402E+01 2.756316400537E+08
7.226654E+01 2.756316407947E+08
4.821811E+01 2.756316487851E+08
4.992164E+01 2.756316498649E+08
3.642883E+01 2.756316578956E+08
6.654482E+01 2.756316941332E+08
4.474153E+01 2.756317130495E+08
3.279676E+01 2.756317211525E+08
9.132983E+01 2.756317445544E+08
5.335804E+01 2.756317450320E+08
8.641832E+01 2.756316323720E+08
5.921556E+01 2.756316324528E+08
1.773423E+02 2.756316330112E+08
7.608445E+01 2.756316335051E+08
3.670655E+01 2.756316339450E+08
1.482233E+02 2.756316339577E+08
2.117489E+02 2.756316340771E+08
5.495801E+01 2.756316341972E+08
7.612711E+01 2.756316345603E+08
1.695401E+02 2.756316345843E+08
3.027645E+01 2.756316347696E+08
6.458943E+01 2.756316348469E+08
4.091769E+01 2.756316348554E+08
2.927897E+02 2.756316349477E+08
5.931651E+01 2.756316349746E+08
4.693451E+01 2.756316350000E+08
4.912314E+01 2.756316350940E+08
1.334729E+02 2.756316351907E+08
2.074454E+02 2.756316355003E+08
7.518716E+01 2.756316355930E+08
3.807798E+02 2.756316356385E+08
1.319231E+02 2.756316356434E+08
7.575717E+01 2.756316358002E+08
3.025979E+02 2.756316358740E+08
1.236593E+02 2.756316359129E+08
1.093784E+02 2.756316362028E+08
7.963980E+01 2.756316362775E+08
1.594099E+02 2.756316365774E+08
5.374032E+01 2.756316367078E+08
1.136083E+02 2.756316368248E+08
8.279286E+01 2.756316370444E+08
1.108925E+02 2.756316371072E+08
1.485296E+02 2.756316371286E+08
1.156233E+02 2.756316372068E+08
7.772972E+01 2.756316373275E+08
1.008520E+02 2.756316380132E+08
1.679078E+02 2.756316388558E+08
8.464487E+01 2.756316388831E+08
3.996679E+01 2.756316388840E+08
1.191297E+02 2.756316388922E+08
3.866957E+01 2.756316389086E+08
2.108752E+02 2.756316389412E+08
3.155046E+02 2.756316389462E+08
8.569036E+01 2.756316389897E+08
6.193913E+01 2.756316389919E+08
2.484452E+02 2.756316389953E+08
2.475697E+02 2.756316390022E+08
2.418367E+02 2.756316391016E+08
5.127392E+01 2.756316391061E+08
3.566077E+02 2.756316391280E+08
8.146583E+01 2.756316392056E+08
9.327908E+01 2.756316392735E+08
2.034937E+02 2.756316393271E+08
8.787308E+01 2.756316394514E+08
2.201282E+02 2.756316394557E+08
5.750927E+01 2.756316395057E+08
5.992013E+02 2.756316396085E+08
1.825020E+02 2.756316396811E+08
3.202094E+02 2.756316397127E+08
4.497498E+02 2.756316397508E+08
6.059538E+01 2.756316399724E+08
7.761357E+01 2.756316402779E+08
7.745670E+01 2.756316403959E+08
2.370182E+02 2.756316405415E+08
6.339799E+01 2.756316406840E+08
2.368432E+02 2.756316407095E+08
2.040682E+03 2.756316407922E+08
5.687359E+01 2.756316409183E+08
1.959146E+02 2.756316409331E+08
1.014218E+02 2.756316409594E+08
7.224252E+01 2.756316411729E+08
7.241452E+01 2.756316412280E+08
9.794644E+01 2.756316414843E+08
3.830079E+01 2.756316415025E+08
2.285720E+02 2.756316416120E+08
6.280220E+01 2.756316418342E+08
1.288894E+02 2.756316418910E+08
1.176550E+02 2.756316421447E+08
1.078657E+02 2.756316425317E+08
6.929374E+01 2.756316426171E+08
6.304622E+01 2.756316428956E+08
2.763203E+02 2.756316429875E+08
1.579682E+02 2.756316430419E+08
1.059216E+03 2.756316433265E+08
2.063441E+02 2.756316433485E+08
7.549847E+01 2.756316435330E+08
1.506154E+02 2.756316435835E+08
6.701507E+01 2.756316439433E+08
3.581477E+02 2.756316441152E+08
1.366860E+02 2.756316448144E+08
4.782372E+02 2.756316451774E+08
1.000699E+02 2.756316455797E+08
1.314864E+02 2.756316463161E+08
6.147794E+01 2.756316478578E+08
4.928491E+02 2.756316481916E+08
4.555793E+01 2.756316490562E+08
3.358472E+02 2.756316491638E+08
6.083853E+02 2.756316491681E+08
1.696109E+02 2.756316495035E+08
1.132304E+02 2.756316495552E+08
6.161163E+01 2.756316498915E+08
8.186234E+01 2.756316502640E+08
6.537109E+01 2.756316502788E+08
7.306719E+01 2.756316503736E+08
1.859376E+02 2.756316504250E+08
3.668003E+02 2.756316514723E+08
1.330306E+02 2.756316516625E+08
1.745993E+02 2.756316523809E+08
8.781530E+02 2.756316525613E+08
2.692357E+02 2.756316541033E+08
2.343358E+02 2.756316541782E+08
1.169245E+02 2.756316556365E+08
1.705596E+02 2.756316570217E+08
6.689207E+02 2.756316589285E+08
3.537377E+01 2.756316594961E+08
1.089740E+02 2.756316597171E+08
9.255601E+02 2.756316638941E+08
1.272126E+02 2.756316660025E+08
1.479349E+02 2.756316725560E+08
1.633910E+02 2.756316729149E+08
4.550007E+01 2.756316752366E+08
1.870221E+02 2.756316797344E+08
5.632784E+01 2.756316801716E+08
9.887088E+01 2.756316812975E+08
6.655516E+02 2.756316843994E+08
2.528421E+02 2.756316859333E+08
2.568494E+03 2.756316933255E+08
9.070019E+01 2.756316939504E+08
4.378353E+02 2.756316972662E+08
4.300375E+02 2.756316983583E+08
6.395464E+01 2.756317007051E+08
3.663798E+01 2.756317166078E+08
1.360282E+02 2.756317214422E+08
