4.575410E+01 2.432163430370E+08
1.258278E+02 2.432163862454E+08
4.792668E+01 2.432164267740E+08
6.381473E+01 2.432167846170E+08
2.718606E+02 2.432168467194E+08
4.030542E+01 2.432162884954E+08
1.615214E+02 2.432163314613E+08
5.179135E+01 2.432163325604E+08
6.655119E+02 2.432163375694E+08
6.450204E+01 2.432164809561E+08
1.014413E+02 2.432163423736E+08
1.430485E+03 2.432163888587E+08
1.274444E+02 2.432165370832E+08
9.245603E+02 2.432165766302E+08
9.073592E+01 2.432166649812E+08
3.262249E+01 2.432164966696E+08
1.336481E+02 2.432165632845E+08
4.758130E+01 2.432166891894E+08
3.338073E+01 2.432167730226E+08
5.554484E+02 2.432167731818E+08
3.577779E+01 2.432167743098E+08
5.146937E+01 2.432168104244E+08
9.889171E+01 2.432168436647E+08
3.336458E+01 2.432170023312E+08
6.572218E+01 2.432170458776E+08
4.835213E+01 2.432172944416E+08
9.655790E+02 2.432174307174E+08
3.424042E+01 2.432175542031E+08
2.627179E+02 2.432176288602E+08
2.882209E+03 2.432177082333E+08
4.428440E+01 2.432177112757E+08
6.196364E+01 2.432178154434E+08
3.341521E+01 2.432178608474E+08
1.187155E+02 2.432164500659E+08
4.552487E+01 2.432164905476E+08
6.377074E+01 2.432167000906E+08
4.759781E+02 2.432167559441E+08
1.847778E+02 2.432167853465E+08
4.107688E+01 2.432168528132E+08
3.057191E+02 2.432169012177E+08
3.833789E+01 2.432169456782E+08
2.453482E+02 2.432169712225E+08
3.117531E+01 2.432163450800E+08
1.546434E+02 2.432163576701E+08
3.618314E+01 2.432164727221E+08
7.269865E+01 2.432164832663E+08
1.207110E+03 2.432164920339E+08
7.638422E+01 2.432165465177E+08
3.992150E+02 2.432166588961E+08
1.374552E+03 2.432167055600E+08
7.329333E+01 2.432167742187E+08
9.259207E+01 2.432167808733E+08
4.448663E+01 2.432167975218E+08
4.629288E+01 2.432168112301E+08
8.811492E+01 2.432168177428E+08
1.377804E+02 2.432169127134E+08
8.614639E+01 2.432169127354E+08
4.996044E+02 2.432169174650E+08
4.852359E+01 2.432170490340E+08
4.280839E+01 2.432175382789E+08
3.405967E+01 2.432163777125E+08
5.107904E+01 2.432166656094E+08
3.686083E+02 2.432167018191E+08
3.902416E+01 2.432167723426E+08
4.686153E+01 2.432167779356E+08
3.010168E+01 2.432167843844E+08
4.684360E+01 2.432167990785E+08
4.430434E+01 2.432168971295E+08
8.431197E+01 2.432169356330E+08
3.876649E+01 2.432169600599E+08
5.177393E+02 2.432170310385E+08
4.676491E+01 2.432171825244E+08
1.177683E+02 2.432174378496E+08
3.344407E+01 2.432174669994E+08
4.597585E+01 2.432174845411E+08
3.827106E+01 2.432177021188E+08
7.137177E+01 2.432177772377E+08
5.714121E+01 2.432162830619E+08
3.478258E+01 2.432163397545E+08
3.054146E+02 2.432163839713E+08
3.002015E+01 2.432165526467E+08
1.991704E+03 2.432165641426E+08
5.856919E+01 2.432167721514E+08
4.895831E+01 2.432169126823E+08
2.014884E+02 2.432162861808E+08
5.996801E+01 2.432163400791E+08
8.064590E+01 2.432166118412E+08
6.015452E+01 2.432166145258E+08
7.006303E+01 2.432166743796E+08
1.254239E+02 2.432163258238E+08
1.174017E+02 2.432163330176E+08
8.951849E+01 2.432164196444E+08
3.927374E+02 2.432164513597E+08
5.122433E+01 2.432164845823E+08
5.677979E+01 2.432165561966E+08
5.798573E+01 2.432165702616E+08
1.004164E+02 2.432166679055E+08
1.369820E+02 2.432167664912E+08
4.641147E+02 2.432167866419E+08
3.874240E+01 2.432168297120E+08
4.766750E+01 2.432169003698E+08
3.878673E+01 2.432169796640E+08
1.365975E+02 2.432162976482E+08
5.546227E+01 2.432163076276E+08
2.227731E+02 2.432163222903E+08
4.303494E+01 2.432166973868E+08
8.156592E+01 2.432168215990E+08
7.585424E+01 2.432164209291E+08
9.452763E+01 2.432165118625E+08
1.232716E+02 2.432166941539E+08
3.323595E+01 2.432167018934E+08
3.072080E+01 2.432167199816E+08
3.164036E+01 2.432167812030E+08
4.058757E+01 2.432167993774E+08
5.311935E+01 2.432168317572E+08
4.661720E+01 2.432168512654E+08
6.309210E+01 2.432169435999E+08
1.018209E+02 2.432170871866E+08
7.478465E+01 2.432172088933E+08
6.647299E+01 2.432176149457E+08
2.163416E+02 2.432176186210E+08
3.355769E+01 2.432176316272E+08
5.579945E+01 2.432177642507E+08
5.138344E+01 2.432177900809E+08
4.546687E+01 2.432177901365E+08
5.684105E+01 2.432178690025E+08
3.391289E+01 2.432179364154E+08
4.361225E+01 2.432180659932E+08
3.989001E+01 2.432181402942E+08
5.749788E+01 2.432175182031E+08
3.474845E+02 2.432175560779E+08
4.411538E+02 2.432180709048E+08
2.245387E+02 2.432162730835E+08
1.496772E+02 2.432163746293E+08
1.223774E+02 2.432163792482E+08
3.073383E+01 2.432164036204E+08
1.156430E+02 2.432171271880E+08
3.398965E+01 2.432176503122E+08
2.246766E+02 2.432178083618E+08
3.420990E+01 2.432178305519E+08
2.702271E+02 2.432179690770E+08
3.410231E+01 2.432179841848E+08
3.571889E+01 2.432162678388E+08
1.104855E+02 2.432162696579E+08
1.687384E+02 2.432162784867E+08
1.454111E+02 2.432163316858E+08
4.857260E+02 2.432163330345E+08
1.913857E+02 2.432163696453E+08
6.382149E+01 2.432163964665E+08
4.752943E+01 2.432167720493E+08
3.212777E+01 2.432167730256E+08
6.273474E+01 2.432167970446E+08
4.615013E+01 2.432168341479E+08
2.135061E+02 2.432168396229E+08
6.386889E+01 2.432169126303E+08
3.108264E+01 2.432169813983E+08
9.609723E+01 2.432169844973E+08
8.898090E+01 2.432169921070E+08
3.513957E+01 2.432170596216E+08
5.611890E+01 2.432173121882E+08
2.037358E+02 2.432173159399E+08
5.145662E+01 2.432173183562E+08
1.492298E+02 2.432173980141E+08
3.635290E+01 2.432174764022E+08
9.262386E+01 2.432174845217E+08
1.707778E+02 2.432174956301E+08
5.464552E+01 2.432175047752E+08
3.692333E+02 2.432175798700E+08
5.343528E+01 2.432176770628E+08
4.660562E+01 2.432177895755E+08
7.147503E+01 2.432179505632E+08
2.903362E+02 2.432179813775E+08
4.434143E+01 2.432163216135E+08
9.560612E+01 2.432163444241E+08
8.853178E+01 2.432163519681E+08
3.131651E+01 2.432163762018E+08
4.422223E+02 2.432164230091E+08
4.114422E+01 2.432164739610E+08
3.382178E+01 2.432165018086E+08
5.368155E+01 2.432165076329E+08
1.020609E+02 2.432167753517E+08
6.305558E+01 2.432167981835E+08
7.494896E+01 2.432168571251E+08
8.619984E+01 2.432168662179E+08
1.342003E+02 2.432171085748E+08
3.718714E+01 2.432162898726E+08
4.861203E+01 2.432162978606E+08
1.098114E+02 2.432163593189E+08
1.223887E+02 2.432163718470E+08
5.760191E+01 2.432168052189E+08
4.801915E+01 2.432168348120E+08
9.684701E+01 2.432168936856E+08
3.043820E+01 2.432169619619E+08
2.718029E+02 2.432172083810E+08
5.700960E+01 2.432173096105E+08
4.043765E+02 2.432174358351E+08
2.447590E+02 2.432174369514E+08
3.284091E+02 2.432175004066E+08
8.629577E+01 2.432177114035E+08
4.337059E+01 2.432177466807E+08
7.132336E+02 2.432177612474E+08
5.789091E+01 2.432164390211E+08
2.419467E+02 2.432164476880E+08
4.184560E+01 2.432165052276E+08
4.220312E+01 2.432165732129E+08
4.426909E+01 2.432167051361E+08
1.366959E+02 2.432167561353E+08
4.171559E+01 2.432167728856E+08
8.979528E+02 2.432168023091E+08
6.633517E+01 2.432168262567E+08
9.361009E+01 2.432168919862E+08
1.542779E+02 2.432169669871E+08
2.231245E+02 2.432170219932E+08
3.025514E+02 2.432170670593E+08
1.027049E+02 2.432172053152E+08
1.205210E+02 2.432173240881E+08
8.875807E+01 2.432174351808E+08
1.202463E+02 2.432174717043E+08
4.493211E+01 2.432175484346E+08
3.255878E+01 2.432176152944E+08
4.378323E+01 2.432176566230E+08
6.193691E+01 2.432176779525E+08
3.461542E+01 2.432181884841E+08
6.427240E+01 2.432182165264E+08
2.528415E+02 2.432182421299E+08
6.467059E+01 2.432162713385E+08
8.838831E+01 2.432162731809E+08
4.987299E+01 2.432163090847E+08
7.957452E+01 2.432163311657E+08
3.755816E+01 2.432163948792E+08
2.245847E+02 2.432164051659E+08
4.522408E+02 2.432164134321E+08
3.278158E+02 2.432164966583E+08
4.018507E+01 2.432165224360E+08
1.915498E+02 2.432165368160E+08
2.662002E+02 2.432165887841E+08
1.438591E+02 2.432166023520E+08
1.899082E+02 2.432166288059E+08
3.431324E+01 2.432166829586E+08
2.662834E+02 2.432167000453E+08
1.999925E+02 2.432167217602E+08
4.070944E+02 2.432167580032E+08
3.389787E+01 2.432167721490E+08
6.475526E+01 2.432167725809E+08
8.014235E+01 2.432167889401E+08
9.061037E+01 2.432168216186E+08
3.895366E+01 2.432168366665E+08
4.403619E+02 2.432168831952E+08
9.958147E+01 2.432171829033E+08
3.443963E+01 2.432172979703E+08
1.113371E+02 2.432174665846E+08
4.018985E+01 2.432175133993E+08
3.523061E+01 2.432175799007E+08
4.741107E+01 2.432176099180E+08
7.438550E+01 2.432176336463E+08
7.887751E+01 2.432176372960E+08
1.154304E+02 2.432177105803E+08
3.772287E+01 2.432177201900E+08
4.262804E+01 2.432177720678E+08
5.012584E+01 2.432177782386E+08
1.046362E+03 2.432178245993E+08
1.501004E+03 2.432178817877E+08
6.175719E+01 2.432179075896E+08
6.187708E+01 2.432179989433E+08
7.797713E+01 2.432180132965E+08
3.230263E+01 2.432180522937E+08
4.673873E+01 2.432180644821E+08
7.259660E+01 2.432181230719E+08
5.022166E+01 2.432181697249E+08
4.771270E+01 2.432182564444E+08
2.136327E+02 2.432183853462E+08
3.725698E+02 2.432184308137E+08
2.190943E+02 2.432185669507E+08
3.032690E+02 2.432186959656E+08
1.245668E+02 2.432186983649E+08
2.411670E+02 2.432187005545E+08
1.208705E+02 2.432166883005E+08
1.632387E+02 2.432168314907E+08
3.833723E+01 2.432169071751E+08
6.827823E+01 2.432171156415E+08
7.748563E+01 2.432171573456E+08
9.883791E+01 2.432172062088E+08
4.718697E+01 2.432172222485E+08
2.615805E+02 2.432172239121E+08
2.740045E+02 2.432173110586E+08
5.190935E+01 2.432178597711E+08
6.023801E+01 2.432179451361E+08
3.516113E+01 2.432180971642E+08
5.141300E+01 2.432181602901E+08
8.002164E+02 2.432164534576E+08
5.669198E+02 2.432166205707E+08
2.040249E+02 2.432166399754E+08
5.633833E+01 2.432167042135E+08
6.783469E+01 2.432167495472E+08
4.285840E+01 2.432169008926E+08
5.816681E+01 2.432170712873E+08
3.407086E+01 2.432171002384E+08
5.355473E+02 2.432171178822E+08
1.166497E+02 2.432171183189E+08
4.024156E+01 2.432171521862E+08
1.855892E+02 2.432172591190E+08
1.855770E+02 2.432172803715E+08
5.242664E+01 2.432172850868E+08
4.031924E+01 2.432174423161E+08
5.288828E+01 2.432176091917E+08
4.982309E+02 2.432176495212E+08
7.742194E+01 2.432176579869E+08
1.352187E+02 2.432177378777E+08
5.039725E+01 2.432177510599E+08
3.586681E+01 2.432177778972E+08
6.512651E+02 2.432179683869E+08
7.109770E+01 2.432180301386E+08
7.276064E+01 2.432182559820E+08
5.997297E+01 2.432184150922E+08
4.156571E+01 2.432184262172E+08
1.625361E+02 2.432184423185E+08
2.529001E+02 2.432163525618E+08
3.879914E+01 2.432177629808E+08
1.328230E+03 2.432181490125E+08
1.700812E+02 2.432183092926E+08
1.070851E+03 2.432163100012E+08
8.293156E+02 2.432163631148E+08
8.832626E+02 2.432164092285E+08
3.522528E+02 2.432164915459E+08
8.599261E+01 2.432168317197E+08
3.094436E+02 2.432169211435E+08
9.475787E+01 2.432169708508E+08
5.374554E+01 2.432169937012E+08
5.545937E+01 2.432170843673E+08
5.328275E+01 2.432172045244E+08
9.175208E+01 2.432173759170E+08
3.847479E+01 2.432173927246E+08
4.874390E+01 2.432174405270E+08
7.881672E+02 2.432174757958E+08
2.006360E+02 2.432175293198E+08
9.216673E+01 2.432177693777E+08
3.676778E+01 2.432177816493E+08
2.843584E+02 2.432179301691E+08
1.210238E+02 2.432163361340E+08
8.998679E+01 2.432186636351E+08
5.196178E+01 2.432187525168E+08
5.680945E+01 2.432163367530E+08
4.872921E+01 2.432163420505E+08
9.981799E+01 2.432163713514E+08
3.389512E+01 2.432164396747E+08
1.820398E+02 2.432164613771E+08
9.890385E+01 2.432169888398E+08
3.077473E+02 2.432176547276E+08
7.529807E+01 2.432177352933E+08
7.725404E+01 2.432178213882E+08
9.696999E+01 2.432178615141E+08
5.557755E+01 2.432178826253E+08
6.057841E+01 2.432179290285E+08
1.744195E+02 2.432179595148E+08
1.079768E+02 2.432179830229E+08
6.257664E+01 2.432180245627E+08
1.170651E+03 2.432180558921E+08
1.681161E+02 2.432180897247E+08
1.379624E+02 2.432182171206E+08
4.199687E+01 2.432182658313E+08
5.941751E+01 2.432182687950E+08
5.742887E+01 2.432182700382E+08
5.661271E+01 2.432183320195E+08
4.394217E+01 2.432183324786E+08
1.539437E+02 2.432183630006E+08
6.128453E+02 2.432184103055E+08
3.111996E+01 2.432185173431E+08
7.184430E+02 2.432186330443E+08
8.124519E+01 2.432186479173E+08
5.549481E+01 2.432187087700E+08
4.722625E+01 2.432170800593E+08
3.555700E+01 2.432173174935E+08
4.986596E+01 2.432173563090E+08
6.991689E+02 2.432174729658E+08
2.472435E+02 2.432174751319E+08
5.392467E+02 2.432175186794E+08
4.329465E+01 2.432175192524E+08
7.055695E+01 2.432175660490E+08
2.978618E+02 2.432175891099E+08
5.425064E+01 2.432175938144E+08
1.256753E+02 2.432176098740E+08
5.731618E+01 2.432176163438E+08
1.170704E+02 2.432176312437E+08
2.827903E+03 2.432176401231E+08
2.515652E+02 2.432178126863E+08
3.644707E+01 2.432178267991E+08
2.030179E+02 2.432178584904E+08
2.096682E+02 2.432178660675E+08
4.158062E+01 2.432178708166E+08
6.945532E+01 2.432178948123E+08
3.606565E+01 2.432179383533E+08
4.656137E+02 2.432179532728E+08
6.674400E+01 2.432179709167E+08
4.273106E+02 2.432179855374E+08
1.263171E+02 2.432179957205E+08
1.248877E+03 2.432180148548E+08
4.484566E+02 2.432180312771E+08
1.146206E+02 2.432180928627E+08
3.068566E+02 2.432181316821E+08
3.616178E+01 2.432181322945E+08
1.904729E+02 2.432181441254E+08
3.994017E+01 2.432181541704E+08
3.117365E+01 2.432181885544E+08
7.600439E+01 2.432182005957E+08
2.203159E+02 2.432182114855E+08
4.979156E+01 2.432182194313E+08
1.170344E+02 2.432182436331E+08
1.490161E+02 2.432182644438E+08
1.716529E+02 2.432182660083E+08
1.328047E+02 2.432182920674E+08
2.215229E+02 2.432182981299E+08
2.206869E+03 2.432183008089E+08
9.206756E+01 2.432183392591E+08
3.733862E+01 2.432183659255E+08
2.303240E+02 2.432183898471E+08
3.176207E+01 2.432183989775E+08
4.153477E+01 2.432184292182E+08
3.608665E+02 2.432184583711E+08
4.062195E+01 2.432185414890E+08
6.347354E+01 2.432185632994E+08
5.048931E+02 2.432185999596E+08
9.090569E+01 2.432186564430E+08
1.877758E+02 2.432186645741E+08
1.679796E+02 2.432186892555E+08
3.868430E+02 2.432186909894E+08
6.309203E+02 2.432186986500E+08
2.651535E+02 2.432187068121E+08
5.153573E+02 2.432187396523E+08
1.594978E+02 2.432187572543E+08
9.809823E+01 2.432179632702E+08
1.997086E+02 2.432180652189E+08
8.821777E+02 2.432181938189E+08
1.268336E+02 2.432182884441E+08
4.079446E+01 2.432183130003E+08
1.064828E+02 2.432183362589E+08
2.119934E+02 2.432183577005E+08
1.739071E+02 2.432183726773E+08
4.240837E+02 2.432184008741E+08
2.966417E+02 2.432184461339E+08
9.295663E+01 2.432184552892E+08
4.836419E+01 2.432184764663E+08
9.200786E+01 2.432185001775E+08
2.726847E+02 2.432186329947E+08
3.638434E+02 2.432187003159E+08
6.372619E+02 2.432187416991E+08
1.055118E+02 2.432177717964E+08
3.150636E+01 2.432178590326E+08
5.372934E+01 2.432178828960E+08
1.549640E+02 2.432179691664E+08
2.882322E+02 2.432179839526E+08
2.097742E+02 2.432179989439E+08
4.394635E+02 2.432180110520E+08
4.050058E+01 2.432180124184E+08
3.934521E+01 2.432180734913E+08
3.133275E+02 2.432181427698E+08
6.629072E+01 2.432181585896E+08
8.599553E+01 2.432181599757E+08
3.670114E+02 2.432181837875E+08
4.860190E+02 2.432182005668E+08
1.836122E+02 2.432182188076E+08
1.843338E+02 2.432182708352E+08
7.073231E+01 2.432184197737E+08
2.757934E+02 2.432184374685E+08
6.382088E+02 2.432184448330E+08
5.560890E+01 2.432184500493E+08
3.033235E+02 2.432184793081E+08
9.979844E+01 2.432185136061E+08
9.201653E+02 2.432185157906E+08
8.975627E+01 2.432185205205E+08
5.711458E+01 2.432185247396E+08
6.900293E+01 2.432185405203E+08
4.447453E+02 2.432185989556E+08
4.036170E+02 2.432186093231E+08
2.668680E+02 2.432186208537E+08
1.334170E+02 2.432186210339E+08
9.226136E+02 2.432186254797E+08
1.271564E+02 2.432187000095E+08
2.631129E+02 2.432187092713E+08
3.858907E+01 2.432187508466E+08
1.399398E+02 2.432187584567E+08
8.127517E+01 2.432187644241E+08
3.423498E+01 2.432164931171E+08
1.147148E+02 2.432165278490E+08
4.137996E+01 2.432166389263E+08
6.948882E+01 2.432167707202E+08
5.209766E+01 2.432167716298E+08
4.408286E+01 2.432167718695E+08
1.064119E+02 2.432167719559E+08
8.488073E+01 2.432167720628E+08
8.073284E+01 2.432167724094E+08
4.885092E+01 2.432167725341E+08
2.191508E+02 2.432167732913E+08
6.439771E+01 2.432167767356E+08
4.763496E+01 2.432167774718E+08
4.103664E+01 2.432167789165E+08
9.371371E+01 2.432167804093E+08
8.992534E+01 2.432167934955E+08
9.378671E+01 2.432168133382E+08
4.999937E+01 2.432168475374E+08
4.107397E+01 2.432168787692E+08
3.696399E+01 2.432168848472E+08
7.735452E+01 2.432168991244E+08
5.243087E+01 2.432169106586E+08
1.307121E+02 2.432169126782E+08
4.828590E+01 2.432170957991E+08
7.713026E+01 2.432172133834E+08
9.255867E+01 2.432172240423E+08
4.414204E+01 2.432172879094E+08
4.999561E+01 2.432172984547E+08
4.410642E+01 2.432173480271E+08
3.149331E+01 2.432173655046E+08
5.451365E+01 2.432174942978E+08
5.754975E+01 2.432174968752E+08
1.006525E+02 2.432175163956E+08
6.183942E+01 2.432175218312E+08
5.911782E+02 2.432175765040E+08
3.560020E+01 2.432176360918E+08
4.297189E+01 2.432177913736E+08
4.851826E+01 2.432178260747E+08
1.390450E+02 2.432182116735E+08
9.415501E+01 2.432182216699E+08
4.835389E+01 2.432184073611E+08
6.110098E+01 2.432163032018E+08
1.112770E+02 2.432163059797E+08
4.259451E+01 2.432163349654E+08
3.653413E+01 2.432163366399E+08
5.519077E+01 2.432164838937E+08
5.879437E+01 2.432167733151E+08
5.028228E+01 2.432167735433E+08
7.310296E+01 2.432167749452E+08
6.528168E+01 2.432167756737E+08
5.664658E+01 2.432167767599E+08
4.116476E+01 2.432167769876E+08
3.955719E+01 2.432167790563E+08
4.038337E+01 2.432167846744E+08
4.169176E+01 2.432167847217E+08
5.726975E+01 2.432167874122E+08
4.333364E+01 2.432167968552E+08
5.047726E+01 2.432167993030E+08
9.038505E+01 2.432168077900E+08
4.406128E+01 2.432168080945E+08
5.622224E+01 2.432168279548E+08
7.619494E+01 2.432168391012E+08
8.143638E+01 2.432168593886E+08
4.926718E+01 2.432168755291E+08
4.144134E+01 2.432168899152E+08
6.109598E+01 2.432169051970E+08
5.551046E+01 2.432169186248E+08
1.235593E+03 2.432169369774E+08
4.393671E+01 2.432169558280E+08
7.856379E+01 2.432169617709E+08
1.105575E+02 2.432170060655E+08
5.199545E+01 2.432170185055E+08
6.463826E+02 2.432170443601E+08
3.728867E+01 2.432171798104E+08
9.489280E+01 2.432172359634E+08
1.320142E+02 2.432178545335E+08
7.997577E+01 2.432163227619E+08
3.314052E+02 2.432163953758E+08
1.601393E+02 2.432164059986E+08
4.426718E+01 2.432164461677E+08
7.419971E+01 2.432164867289E+08
7.624808E+01 2.432165114973E+08
6.688405E+01 2.432166427707E+08
1.743714E+02 2.432166771681E+08
5.235563E+02 2.432166962967E+08
3.012045E+02 2.432167696451E+08
4.902871E+01 2.432167696933E+08
1.614214E+02 2.432167705625E+08
1.548599E+02 2.432167705771E+08
2.920397E+02 2.432167705880E+08
9.414807E+01 2.432167709001E+08
4.022035E+01 2.432167710620E+08
5.370687E+01 2.432167712142E+08
5.991654E+01 2.432167712205E+08
5.337128E+01 2.432167712282E+08
7.202985E+01 2.432167712651E+08
2.564160E+02 2.432167713155E+08
1.256928E+02 2.432167713345E+08
7.976391E+01 2.432167713606E+08
1.471890E+02 2.432167713715E+08
2.590210E+02 2.432167713811E+08
1.513258E+02 2.432167713843E+08
1.886986E+02 2.432167714485E+08
1.068595E+02 2.432167714740E+08
3.029086E+02 2.432167714841E+08
1.253302E+02 2.432167716159E+08
9.479569E+01 2.432167717272E+08
4.817869E+01 2.432167717360E+08
1.077830E+02 2.432167717426E+08
6.336756E+01 2.432167718244E+08
2.555123E+02 2.432167718519E+08
1.787097E+02 2.432167718871E+08
1.349014E+02 2.432167719235E+08
8.623485E+01 2.432167720101E+08
8.318363E+01 2.432167720204E+08
7.909299E+01 2.432167720904E+08
2.361549E+02 2.432167721038E+08
5.110066E+01 2.432167721048E+08
1.133723E+02 2.432167721479E+08
5.510279E+01 2.432167721503E+08
1.290527E+02 2.432167721744E+08
1.356247E+02 2.432167722199E+08
6.939946E+01 2.432167722204E+08
8.552159E+01 2.432167722284E+08
1.928409E+02 2.432167722646E+08
1.118669E+02 2.432167723190E+08
3.813141E+02 2.432167723348E+08
4.857761E+01 2.432167723521E+08
6.820134E+01 2.432167723798E+08
4.076026E+01 2.432167723959E+08
1.309818E+02 2.432167724483E+08
1.272475E+02 2.432167724503E+08
6.935934E+01 2.432167724644E+08
5.819417E+02 2.432167724746E+08
5.251748E+02 2.432167724991E+08
1.333213E+02 2.432167725315E+08
8.835684E+01 2.432167725616E+08
2.742339E+02 2.432167725926E+08
2.045031E+02 2.432167726026E+08
3.422215E+01 2.432167726212E+08
7.599754E+01 2.432167726368E+08
4.733117E+02 2.432167726788E+08
1.280186E+02 2.432167726790E+08
4.251531E+02 2.432167726917E+08
1.693607E+03 2.432167726921E+08
1.499114E+02 2.432167727434E+08
1.024883E+02 2.432167727435E+08
5.729741E+02 2.432167728084E+08
7.815744E+01 2.432167728133E+08
1.853913E+02 2.432167728668E+08
7.541356E+01 2.432167728923E+08
9.963255E+01 2.432167729681E+08
6.647755E+02 2.432167729848E+08
8.232549E+01 2.432167730223E+08
6.761929E+01 2.432167730419E+08
2.964000E+02 2.432167730572E+08
6.325254E+02 2.432167730762E+08
2.983512E+02 2.432167730803E+08
2.128162E+02 2.432167732119E+08
8.513239E+01 2.432167732192E+08
1.313093E+03 2.432167732370E+08
1.897135E+02 2.432167732437E+08
7.232252E+01 2.432167733059E+08
4.407027E+02 2.432167733525E+08
5.297227E+01 2.432167733553E+08
9.023760E+01 2.432167733723E+08
8.365779E+01 2.432167734305E+08
2.110097E+03 2.432167734766E+08
5.399932E+01 2.432167735298E+08
9.779800E+01 2.432167735652E+08
5.154590E+02 2.432167736382E+08
7.609292E+02 2.432167736455E+08
6.028590E+01 2.432167737784E+08
1.513030E+02 2.432167737953E+08
1.040869E+02 2.432167738852E+08
8.403908E+01 2.432167739778E+08
1.500585E+03 2.432167740648E+08
6.082376E+02 2.432167742312E+08
1.701075E+02 2.432167742368E+08
1.142057E+02 2.432167743657E+08
4.559640E+02 2.432167747042E+08
8.332163E+01 2.432167748298E+08
8.427805E+01 2.432167748463E+08
1.343812E+02 2.432167751011E+08
3.069547E+02 2.432167751951E+08
1.417505E+02 2.432167752133E+08
6.110432E+02 2.432167752833E+08
1.093585E+02 2.432167753241E+08
3.823085E+02 2.432167754279E+08
1.551113E+02 2.432167754887E+08
6.400685E+02 2.432167755485E+08
1.090355E+02 2.432167756120E+08
6.839778E+01 2.432167756130E+08
1.259022E+02 2.432167759618E+08
4.653435E+01 2.432167759653E+08
1.472503E+02 2.432167762137E+08
6.101731E+02 2.432167763290E+08
2.686780E+02 2.432167763348E+08
1.237310E+02 2.432167763507E+08
6.347314E+01 2.432167767212E+08
7.178277E+01 2.432167767771E+08
1.106073E+03 2.432167768349E+08
6.663541E+02 2.432167770465E+08
1.240625E+02 2.432167770628E+08
1.076473E+02 2.432167771763E+08
1.188340E+02 2.432167773793E+08
6.140714E+01 2.432167773799E+08
5.151426E+01 2.432167774624E+08
7.118792E+01 2.432167776620E+08
8.088513E+02 2.432167777107E+08
7.539603E+01 2.432167780608E+08
9.897022E+01 2.432167782973E+08
7.151303E+01 2.432167789450E+08
4.733237E+02 2.432167789567E+08
1.325796E+02 2.432167790345E+08
5.000975E+01 2.432167791391E+08
6.601982E+02 2.432167793595E+08
1.459255E+02 2.432167794030E+08
9.549778E+02 2.432167795622E+08
2.766332E+02 2.432167800931E+08
1.632846E+02 2.432167801367E+08
1.529473E+02 2.432167802963E+08
6.992517E+02 2.432167804812E+08
1.032742E+02 2.432167807382E+08
2.381062E+02 2.432167807902E+08
3.744363E+01 2.432167810133E+08
7.370328E+02 2.432167810301E+08
3.696044E+02 2.432167811507E+08
7.200337E+01 2.432167812246E+08
1.049528E+02 2.432167812672E+08
4.961666E+01 2.432167817957E+08
5.420088E+01 2.432167819869E+08
2.382210E+02 2.432167825351E+08
1.685372E+02 2.432167826963E+08
9.561540E+01 2.432167828226E+08
6.669324E+01 2.432167828606E+08
1.242147E+04 2.432167831581E+08
5.629467E+01 2.432167832040E+08
1.099446E+02 2.432167832310E+08
1.230389E+03 2.432167834181E+08
1.200386E+02 2.432167834345E+08
1.585118E+02 2.432167837066E+08
1.056004E+02 2.432167838045E+08
5.930264E+01 2.432167840710E+08
8.897951E+01 2.432167841173E+08
1.066056E+02 2.432167841838E+08
9.099098E+01 2.432167842737E+08
2.624072E+02 2.432167844116E+08
1.298193E+02 2.432167844638E+08
2.441390E+02 2.432167844861E+08
3.104034E+01 2.432167853465E+08
9.437300E+01 2.432167858071E+08
1.594928E+02 2.432167859991E+08
9.008090E+01 2.432167860677E+08
1.070959E+02 2.432167861301E+08
1.382093E+03 2.432167863494E+08
1.103832E+02 2.432167866192E+08
1.067763E+02 2.432167873300E+08
3.533085E+02 2.432167874589E+08
4.793073E+01 2.432167876226E+08
1.138474E+02 2.432167876329E+08
1.198601E+02 2.432167876975E+08
4.133159E+01 2.432167878360E+08
8.175209E+01 2.432167879381E+08
5.609752E+01 2.432167880950E+08
6.959001E+02 2.432167887065E+08
1.047190E+02 2.432167887451E+08
2.265827E+02 2.432167887457E+08
2.207097E+02 2.432167888160E+08
2.568059E+03 2.432167888288E+08
8.170657E+02 2.432167888705E+08
1.372094E+02 2.432167888946E+08
1.931563E+02 2.432167889736E+08
9.588090E+02 2.432167889945E+08
9.036765E+02 2.432167891583E+08
5.774429E+02 2.432167891831E+08
1.265582E+02 2.432167892745E+08
1.003007E+02 2.432167894397E+08
3.937544E+01 2.432167894855E+08
5.089629E+01 2.432167895124E+08
5.556372E+01 2.432167895378E+08
4.826577E+01 2.432167896127E+08
4.818879E+02 2.432167896703E+08
2.382753E+02 2.432167898420E+08
9.541166E+01 2.432167900377E+08
4.454096E+02 2.432167904336E+08
1.583098E+02 2.432167904823E+08
1.649137E+03 2.432167905462E+08
1.047492E+02 2.432167906758E+08
2.251986E+02 2.432167910517E+08
6.126028E+01 2.432167914428E+08
1.972108E+02 2.432167915065E+08
4.349803E+02 2.432167915086E+08
7.657732E+01 2.432167923727E+08
8.363367E+01 2.432167924460E+08
6.127139E+01 2.432167925692E+08
4.365236E+02 2.432167925727E+08
8.081303E+01 2.432167928754E+08
2.499742E+03 2.432167929334E+08
1.742313E+03 2.432167936661E+08
7.227644E+02 2.432167939274E+08
5.423115E+02 2.432167941666E+08
7.220205E+01 2.432167945205E+08
6.721313E+03 2.432167948231E+08
7.645092E+02 2.432167959104E+08
3.961352E+01 2.432167959111E+08
6.517702E+01 2.432167962697E+08
5.960875E+01 2.432167963247E+08
1.937292E+02 2.432167967145E+08
8.628892E+02 2.432167970702E+08
1.887548E+02 2.432167971762E+08
1.922667E+02 2.432167976038E+08
6.186840E+01 2.432167976122E+08
4.352562E+01 2.432167992675E+08
1.141184E+02 2.432168002580E+08
7.331659E+01 2.432168009228E+08
6.421968E+02 2.432168013318E+08
1.246314E+02 2.432168022639E+08
1.399396E+02 2.432168023157E+08
1.157988E+02 2.432168024381E+08
5.443144E+01 2.432168025791E+08
8.616624E+01 2.432168027245E+08
2.282946E+02 2.432168032074E+08
1.536679E+02 2.432168032661E+08
3.744670E+02 2.432168033684E+08
3.498318E+01 2.432168037118E+08
7.933242E+01 2.432168039877E+08
2.046051E+02 2.432168039959E+08
1.935458E+02 2.432168041368E+08
1.402447E+02 2.432168045190E+08
3.490311E+01 2.432168047323E+08
9.734943E+01 2.432168048022E+08
2.612858E+02 2.432168050089E+08
8.175871E+02 2.432168065049E+08
2.742880E+04 2.432168071225E+08
4.484830E+02 2.432168075885E+08
2.240070E+02 2.432168085831E+08
2.439939E+02 2.432168086952E+08
9.308879E+02 2.432168087657E+08
5.602281E+01 2.432168090700E+08
9.664039E+02 2.432168095252E+08
6.059745E+02 2.432168097325E+08
2.421584E+02 2.432168100713E+08
1.994867E+02 2.432168101880E+08
8.993873E+02 2.432168102937E+08
2.066986E+02 2.432168103626E+08
8.560796E+01 2.432168104474E+08
5.707021E+03 2.432168106121E+08
8.168012E+01 2.432168109420E+08
7.735815E+02 2.432168117716E+08
1.675074E+02 2.432168118844E+08
3.342869E+02 2.432168124031E+08
3.091943E+02 2.432168128213E+08
1.526949E+02 2.432168141284E+08
8.002681E+01 2.432168153742E+08
1.457205E+02 2.432168157217E+08
1.066720E+02 2.432168174479E+08
6.445346E+01 2.432168196401E+08
4.703155E+01 2.432168213372E+08
4.644732E+02 2.432168221951E+08
2.990015E+02 2.432168249215E+08
1.509835E+02 2.432168254190E+08
4.200406E+02 2.432168255844E+08
1.863137E+02 2.432168261426E+08
8.732632E+01 2.432168264119E+08
7.745521E+01 2.432168266748E+08
8.265088E+01 2.432168281538E+08
5.116239E+01 2.432168283585E+08
2.260189E+02 2.432168312883E+08
9.894280E+02 2.432168321412E+08
1.982994E+02 2.432168321566E+08
5.774670E+01 2.432168325035E+08
1.643488E+02 2.432168325444E+08
1.891355E+02 2.432168330319E+08
2.530015E+02 2.432168331090E+08
1.240213E+02 2.432168332373E+08
4.434725E+02 2.432168354421E+08
3.999599E+02 2.432168363569E+08
1.646730E+02 2.432168363590E+08
1.432785E+02 2.432168370082E+08
8.675610E+02 2.432168372366E+08
1.368041E+02 2.432168375770E+08
4.662224E+02 2.432168380087E+08
8.277691E+01 2.432168381720E+08
3.793009E+02 2.432168385103E+08
3.579064E+02 2.432168402001E+08
4.359462E+01 2.432168473166E+08
1.557132E+02 2.432168484386E+08
1.590584E+02 2.432168492641E+08
4.121782E+01 2.432168501859E+08
4.371381E+01 2.432168506874E+08
1.415393E+02 2.432168508692E+08
2.310975E+02 2.432168531012E+08
4.346100E+01 2.432168563775E+08
5.654002E+02 2.432168590087E+08
3.442575E+02 2.432168599278E+08
2.841967E+02 2.432168613934E+08
7.662489E+01 2.432168616717E+08
4.834817E+02 2.432168626448E+08
7.069639E+02 2.432168629225E+08
7.519304E+02 2.432168641380E+08
3.686299E+02 2.432168644435E+08
1.961844E+02 2.432168657386E+08
7.920240E+02 2.432168677286E+08
1.419267E+02 2.432168727447E+08
1.378380E+02 2.432168754876E+08
1.510694E+02 2.432168773568E+08
6.072339E+02 2.432168798373E+08
6.745532E+01 2.432168831985E+08
5.987622E+02 2.432168832618E+08
1.375047E+02 2.432168835519E+08
6.394201E+01 2.432168899816E+08
8.758287E+02 2.432168907780E+08
8.464291E+02 2.432168923119E+08
1.626531E+02 2.432168945955E+08
1.065996E+02 2.432168963673E+08
1.212478E+03 2.432169004795E+08
1.403311E+02 2.432169055585E+08
1.808462E+02 2.432169059188E+08
8.585037E+02 2.432169072936E+08
2.240813E+02 2.432169074953E+08
2.180034E+02 2.432169154492E+08
1.572794E+02 2.432169174193E+08
2.116754E+02 2.432169186319E+08
1.336787E+03 2.432169205229E+08
6.809991E+02 2.432169240545E+08
9.906993E+02 2.432169313665E+08
6.244276E+02 2.432169319574E+08
4.914720E+02 2.432169323627E+08
2.446966E+02 2.432169330852E+08
6.909191E+01 2.432169347629E+08
6.948486E+01 2.432169364981E+08
5.188588E+01 2.432169403797E+08
7.582822E+01 2.432169413101E+08
6.627341E+01 2.432169437907E+08
2.069792E+02 2.432169458685E+08
7.086495E+02 2.432169498979E+08
3.903824E+02 2.432169538939E+08
5.917725E+02 2.432169605065E+08
9.038867E+01 2.432169630036E+08
9.453535E+02 2.432169637397E+08
1.861408E+02 2.432169804806E+08
1.490233E+02 2.432169842373E+08
1.033787E+02 2.432169900589E+08
7.770112E+01 2.432170082056E+08
1.688538E+02 2.432170093308E+08
1.453551E+02 2.432170331173E+08
2.514363E+02 2.432170364198E+08
6.073923E+02 2.432170470002E+08
7.796667E+01 2.432170500393E+08
3.052089E+02 2.432170534613E+08
1.515867E+02 2.432170570166E+08
3.993401E+02 2.432170699585E+08
6.241404E+01 2.432170784604E+08
5.740356E+01 2.432171072006E+08
6.962773E+01 2.432171126161E+08
1.977447E+02 2.432171207943E+08
3.413534E+02 2.432171357736E+08
4.163402E+02 2.432171682624E+08
4.031042E+02 2.432171698206E+08
2.678296E+02 2.432171750284E+08
3.532563E+01 2.432171833815E+08
4.662469E+01 2.432171891535E+08
2.666975E+02 2.432171901455E+08
2.055358E+02 2.432171940088E+08
8.959479E+01 2.432172060126E+08
2.444820E+02 2.432172172987E+08
4.378148E+01 2.432172448551E+08
9.037339E+01 2.432172703988E+08
3.880666E+01 2.432172846973E+08
4.700934E+02 2.432173397269E+08
1.741962E+02 2.432173681745E+08
5.708470E+01 2.432173810606E+08
3.688853E+01 2.432173821307E+08
2.032149E+02 2.432173953204E+08
1.180027E+02 2.432174314226E+08
1.721451E+02 2.432174427445E+08
1.348663E+02 2.432174618427E+08
1.345960E+02 2.432174671820E+08
1.424661E+02 2.432174721240E+08
3.208063E+01 2.432174731924E+08
1.337593E+02 2.432174780528E+08
1.467280E+02 2.432174967765E+08
8.715348E+01 2.432174971809E+08
2.613349E+02 2.432176680274E+08
4.794211E+02 2.432176735501E+08
6.232686E+01 2.432176869670E+08
8.857103E+01 2.432177044211E+08
3.470088E+02 2.432177118489E+08
6.980499E+01 2.432178275000E+08
9.365056E+01 2.432178393078E+08
2.017419E+02 2.432178456850E+08
4.934273E+01 2.432178852986E+08
3.786636E+02 2.432178978398E+08
1.776302E+03 2.432179726047E+08
1.059530E+02 2.432180418085E+08
4.138128E+02 2.432180798007E+08
1.204118E+03 2.432182135947E+08
5.646238E+01 2.432182811378E+08
6.250736E+02 2.432182983976E+08
5.174963E+01 2.432184227864E+08
1.292534E+02 2.432184775592E+08
4.518186E+01 2.432185958510E+08
5.406236E+01 2.432185994433E+08
1.400906E+02 2.432186051459E+08
5.526804E+01 2.432187120506E+08
1.360429E+02 2.432164742982E+08
4.412120E+01 2.432165231983E+08
5.756541E+01 2.432167048783E+08
9.747451E+01 2.432167696961E+08
5.998706E+01 2.432167703640E+08
9.929178E+01 2.432167707337E+08
5.102656E+01 2.432167713651E+08
2.431706E+02 2.432167714592E+08
5.737240E+01 2.432167714945E+08
1.026396E+02 2.432167717825E+08
5.711519E+01 2.432167719512E+08
1.099065E+02 2.432167722146E+08
8.182674E+01 2.432167722840E+08
2.643311E+02 2.432167722959E+08
1.709336E+02 2.432167724761E+08
1.048974E+02 2.432167725655E+08
1.227250E+02 2.432167726721E+08
4.870384E+01 2.432167726877E+08
1.646862E+02 2.432167727918E+08
6.567023E+01 2.432167732017E+08
8.710964E+01 2.432167733612E+08
4.671674E+01 2.432167733869E+08
8.570937E+01 2.432167757172E+08
1.029359E+02 2.432167759564E+08
3.323583E+02 2.432167761994E+08
4.332879E+01 2.432167767269E+08
6.218645E+01 2.432167767906E+08
7.890854E+01 2.432167771721E+08
4.847388E+01 2.432167783108E+08
7.358073E+01 2.432167785092E+08
1.200537E+02 2.432167786304E+08
3.742445E+02 2.432167792367E+08
9.199922E+01 2.432167826580E+08
6.913510E+01 2.432167840393E+08
7.580434E+01 2.432167844969E+08
4.126288E+01 2.432167847775E+08
6.022695E+01 2.432167848522E+08
4.938054E+01 2.432167850146E+08
3.638867E+01 2.432167855938E+08
5.171167E+01 2.432167889694E+08
8.757973E+01 2.432167898283E+08
4.020872E+01 2.432167905884E+08
1.075415E+02 2.432167952941E+08
7.846509E+01 2.432167960546E+08
6.112881E+01 2.432167966515E+08
1.302623E+02 2.432168002235E+08
7.779010E+01 2.432168033052E+08
6.456550E+01 2.432168043901E+08
5.597005E+01 2.432168068107E+08
4.865685E+01 2.432168183592E+08
1.289490E+02 2.432168263902E+08
4.509042E+01 2.432168272923E+08
3.399683E+02 2.432168273677E+08
1.496467E+02 2.432168333223E+08
7.675023E+02 2.432168458095E+08
4.369921E+01 2.432168469790E+08
1.211190E+02 2.432168505191E+08
5.058677E+01 2.432168616384E+08
6.022462E+01 2.432168781987E+08
7.743575E+01 2.432168883334E+08
3.414308E+02 2.432169567873E+08
8.265621E+02 2.432169690660E+08
4.891859E+01 2.432169767859E+08
1.045939E+02 2.432169817443E+08
5.149882E+01 2.432170012057E+08
1.519893E+02 2.432170370287E+08
3.352481E+01 2.432170430350E+08
3.255338E+01 2.432170743826E+08
4.858927E+01 2.432171371093E+08
1.765356E+02 2.432173507090E+08
1.326550E+02 2.432175158549E+08
1.744156E+02 2.432176294149E+08
4.142379E+01 2.432178319547E+08
6.152483E+01 2.432178494346E+08
1.606371E+02 2.432178512134E+08
1.328953E+02 2.432178606882E+08
5.441101E+01 2.432180074014E+08
7.066422E+01 2.432180514764E+08
5.132237E+01 2.432181604706E+08
5.133437E+01 2.432167710386E+08
2.020525E+02 2.432167715883E+08
4.731335E+02 2.432167724301E+08
1.831821E+02 2.432167724495E+08
8.561596E+01 2.432167731704E+08
1.477829E+02 2.432167757719E+08
1.146043E+02 2.432167760876E+08
1.364278E+02 2.432167769167E+08
1.985500E+02 2.432167819588E+08
1.979429E+02 2.432167875591E+08
1.189247E+02 2.432167885072E+08
5.948967E+02 2.432167894822E+08
7.863888E+01 2.432168064939E+08
7.267613E+01 2.432168437838E+08
1.005641E+02 2.432168447447E+08
4.049443E+01 2.432168537832E+08
7.598109E+01 2.432168588258E+08
6.974734E+01 2.432168654740E+08
7.644458E+01 2.432168914570E+08
7.153174E+01 2.432170214005E+08
7.857714E+01 2.432170505062E+08
4.131602E+02 2.432175064688E+08
4.604022E+02 2.432175436471E+08
1.433966E+02 2.432176464520E+08
4.636010E+01 2.432176597216E+08
7.409844E+01 2.432177149171E+08
5.044344E+01 2.432177168231E+08
1.178148E+02 2.432178337325E+08
1.351987E+02 2.432178703055E+08
1.016943E+02 2.432178828385E+08
1.382243E+02 2.432180324645E+08
9.056858E+01 2.432180846797E+08
3.738166E+01 2.432181088552E+08
5.220639E+01 2.432181125045E+08
4.592762E+01 2.432181664741E+08
2.104913E+02 2.432182587070E+08
4.520436E+01 2.432184029092E+08
5.492131E+02 2.432184889748E+08
5.299876E+01 2.432184968192E+08
3.811432E+01 2.432185234690E+08
4.911152E+01 2.432185279798E+08
1.014333E+02 2.432185784706E+08
1.268130E+02 2.432186575498E+08
5.719626E+01 2.432186739273E+08
1.248148E+02 2.432163173717E+08
7.984499E+02 2.432166032234E+08
5.244679E+01 2.432166411085E+08
3.822768E+01 2.432166618726E+08
7.697346E+01 2.432167564290E+08
5.566799E+01 2.432167729991E+08
3.743286E+01 2.432167730783E+08
7.349652E+01 2.432167733101E+08
3.120699E+01 2.432167742216E+08
1.632254E+02 2.432168012072E+08
4.618487E+01 2.432168125499E+08
4.109013E+01 2.432168139381E+08
4.714445E+01 2.432169078597E+08
3.547585E+01 2.432169332451E+08
1.212925E+03 2.432169573588E+08
2.080617E+02 2.432170278518E+08
3.113459E+01 2.432171162410E+08
3.255234E+01 2.432171594360E+08
7.953689E+01 2.432172899148E+08
4.826364E+02 2.432173361390E+08
4.199857E+01 2.432181793369E+08
4.013383E+01 2.432182903223E+08
6.679939E+01 2.432186052691E+08
2.015563E+02 2.432186649284E+08
3.048006E+02 2.432186958234E+08
6.198625E+02 2.432187025492E+08
9.231194E+01 2.432187161369E+08
5.520815E+02 2.432164748868E+08
3.592306E+01 2.432167319254E+08
9.163961E+01 2.432168037492E+08
6.054934E+01 2.432168106751E+08
8.408898E+01 2.432168372316E+08
5.652987E+01 2.432168475344E+08
6.177486E+01 2.432172072484E+08
5.600277E+01 2.432178063725E+08
8.640086E+01 2.432180700341E+08
9.770395E+01 2.432184574954E+08
4.555933E+01 2.432184644078E+08
2.094497E+02 2.432185772071E+08
1.504857E+02 2.432185998974E+08
2.127985E+02 2.432186263023E+08
3.991379E+01 2.432186623237E+08
2.685005E+02 2.432187253556E+08
3.267551E+01 2.432187346840E+08
4.822288E+01 2.432187448364E+08
7.076584E+01 2.432179320187E+08
2.413023E+02 2.432183735011E+08
3.071827E+01 2.432184173769E+08
9.650353E+01 2.432173396366E+08
3.197870E+03 2.432175842088E+08
3.529161E+01 2.432178887644E+08
9.157483E+01 2.432180851338E+08
1.216402E+03 2.432176133683E+08
3.926400E+01 2.432183300073E+08
3.261287E+02 2.432174781726E+08
4.667918E+02 2.432175084911E+08
4.881345E+01 2.432175486220E+08
6.730341E+01 2.432176832309E+08
1.382170E+02 2.432177283497E+08
1.507207E+02 2.432177356264E+08
7.510453E+01 2.432177645061E+08
1.252410E+02 2.432177993767E+08
4.331429E+01 2.432178842692E+08
5.057803E+01 2.432178847609E+08
1.915784E+02 2.432180809149E+08
1.311298E+02 2.432182066702E+08
5.176307E+01 2.432182174589E+08
5.788895E+01 2.432182270752E+08
6.450980E+01 2.432182470554E+08
7.110060E+01 2.432182789070E+08
8.467663E+01 2.432182794153E+08
3.689925E+01 2.432182937843E+08
7.185011E+01 2.432183156072E+08
6.052896E+01 2.432183963402E+08
6.004723E+01 2.432184296662E+08
5.403869E+01 2.432184532020E+08
5.687186E+01 2.432185463617E+08
1.372493E+02 2.432185535644E+08
1.799247E+02 2.432185808625E+08
3.478615E+01 2.432185976409E+08
1.122123E+02 2.432186231908E+08
5.718478E+02 2.432186439433E+08
4.156016E+01 2.432186590611E+08
3.033402E+02 2.432187256807E+08
4.381021E+01 2.432187487398E+08
5.351104E+01 2.432187502445E+08
9.668948E+01 2.432171976052E+08
1.562186E+02 2.432173319473E+08
4.929782E+01 2.432173626337E+08
5.298820E+01 2.432174432009E+08
6.342506E+01 2.432175026563E+08
4.399136E+01 2.432175991007E+08
4.113094E+01 2.432176026640E+08
6.429727E+02 2.432176077282E+08
9.236111E+01 2.432177165566E+08
1.311985E+02 2.432178480423E+08
3.176950E+01 2.432179334272E+08
3.409198E+01 2.432179802412E+08
4.719086E+01 2.432180022533E+08
6.843518E+01 2.432180147748E+08
3.275021E+02 2.432180327400E+08
5.007999E+01 2.432180418769E+08
3.328215E+01 2.432180548370E+08
5.781030E+01 2.432181107880E+08
1.034661E+02 2.432183443736E+08
1.411627E+02 2.432184433916E+08
3.774254E+01 2.432186130720E+08
5.296463E+01 2.432186413082E+08
6.313312E+01 2.432187310816E+08
3.763015E+01 2.432169913316E+08
1.401866E+02 2.432172003290E+08
2.653283E+02 2.432172177316E+08
6.321804E+01 2.432172700947E+08
2.111787E+02 2.432174391049E+08
8.997356E+01 2.432174831404E+08
1.507707E+02 2.432174950370E+08
5.324403E+01 2.432175069827E+08
1.152511E+02 2.432175778181E+08
4.184237E+01 2.432176410829E+08
2.741238E+02 2.432176912489E+08
6.075309E+01 2.432177039810E+08
7.902671E+01 2.432177271612E+08
1.612053E+02 2.432177441644E+08
1.207154E+03 2.432177749968E+08
3.127394E+01 2.432177752835E+08
1.641229E+02 2.432177898742E+08
5.134518E+01 2.432178499716E+08
3.880806E+02 2.432179011871E+08
3.289778E+01 2.432179083608E+08
3.114523E+02 2.432179426789E+08
4.921721E+01 2.432179710661E+08
4.583698E+01 2.432180155852E+08
1.242845E+02 2.432180401860E+08
6.151725E+01 2.432180501013E+08
2.310206E+02 2.432180520059E+08
6.224304E+01 2.432180861227E+08
1.031151E+02 2.432181367554E+08
1.148082E+02 2.432181962013E+08
1.652497E+02 2.432182046681E+08
1.493324E+02 2.432182061163E+08
2.113309E+02 2.432182139209E+08
6.360769E+01 2.432182416060E+08
4.009902E+01 2.432182495008E+08
7.072189E+01 2.432182593892E+08
9.662483E+01 2.432183001619E+08
4.635702E+02 2.432183462547E+08
1.225370E+03 2.432183973550E+08
5.446429E+01 2.432184124312E+08
1.474360E+02 2.432184817307E+08
1.134484E+03 2.432185052906E+08
3.597637E+02 2.432185201977E+08
3.057574E+02 2.432185219035E+08
3.719405E+01 2.432185243649E+08
8.029737E+01 2.432185615155E+08
3.112582E+01 2.432185833368E+08
2.725006E+02 2.432186499006E+08
3.981447E+02 2.432186611860E+08
8.624996E+01 2.432186836959E+08
1.868934E+02 2.432187203558E+08
6.762173E+01 2.432187604317E+08
5.854073E+01 2.432170128358E+08
9.728376E+01 2.432170311486E+08
1.179421E+02 2.432172659177E+08
4.978727E+01 2.432172684509E+08
4.453665E+02 2.432173158168E+08
3.096385E+01 2.432173406451E+08
5.613636E+02 2.432173449826E+08
6.429712E+01 2.432173761621E+08
3.036365E+01 2.432173977404E+08
1.404099E+02 2.432174537179E+08
3.038007E+01 2.432174761701E+08
3.125925E+01 2.432174995923E+08
4.338598E+02 2.432175492448E+08
4.480978E+01 2.432176298551E+08
1.660032E+02 2.432177135283E+08
1.129774E+02 2.432178345083E+08
2.964077E+02 2.432178420392E+08
3.074895E+01 2.432178826480E+08
7.025309E+01 2.432181662739E+08
5.282587E+01 2.432182181935E+08
1.226099E+02 2.432182292241E+08
5.953957E+01 2.432182768434E+08
1.498500E+03 2.432183065284E+08
3.409578E+01 2.432183347491E+08
2.038026E+03 2.432184138840E+08
5.622886E+01 2.432184833253E+08
4.184568E+01 2.432184883866E+08
7.917892E+02 2.432185386986E+08
3.441350E+01 2.432186454515E+08
2.067136E+02 2.432186708135E+08
4.787226E+01 2.432186741281E+08
4.306252E+01 2.432186964419E+08
5.649464E+01 2.432186980792E+08
3.702094E+01 2.432187594769E+08
3.503947E+02 2.432163104998E+08
6.133473E+01 2.432168686189E+08
7.557091E+01 2.432169543589E+08
5.792271E+01 2.432172650138E+08
1.358349E+02 2.432175324700E+08
5.821168E+02 2.432175531872E+08
1.034456E+03 2.432175940864E+08
3.325304E+01 2.432176965485E+08
3.304613E+02 2.432177027349E+08
3.732743E+01 2.432179134990E+08
7.284691E+01 2.432180072509E+08
1.781534E+02 2.432180664091E+08
5.463258E+01 2.432180687309E+08
7.464810E+01 2.432182024896E+08
4.631543E+01 2.432182086708E+08
1.508414E+02 2.432182905714E+08
1.600581E+02 2.432183360095E+08
6.448294E+01 2.432184577635E+08
3.209089E+01 2.432185627603E+08
6.829058E+01 2.432172819881E+08
3.607363E+01 2.432180676942E+08
4.297572E+01 2.432181155654E+08
2.025652E+02 2.432183666404E+08
3.566462E+02 2.432186005378E+08
9.039079E+01 2.432175854327E+08
2.130798E+02 2.432164059062E+08
4.098454E+01 2.432164788246E+08
2.430807E+03 2.432165126255E+08
5.116807E+01 2.432165251604E+08
3.514709E+01 2.432166134103E+08
2.409037E+02 2.432166539387E+08
4.128551E+01 2.432166563973E+08
5.207632E+01 2.432166996500E+08
7.306755E+01 2.432167176763E+08
8.649547E+02 2.432167420670E+08
3.488223E+01 2.432167706368E+08
8.267726E+01 2.432167712428E+08
4.695805E+01 2.432167713596E+08
3.590171E+01 2.432167721529E+08
3.844953E+01 2.432167723502E+08
5.425079E+01 2.432167726982E+08
5.003194E+01 2.432167796968E+08
1.153952E+02 2.432167880164E+08
4.860370E+01 2.432167909819E+08
6.926647E+01 2.432167920692E+08
3.133617E+01 2.432167945488E+08
3.144583E+02 2.432168015729E+08
5.740168E+01 2.432168136076E+08
3.438042E+01 2.432168197285E+08
5.113052E+01 2.432168233896E+08
5.495041E+01 2.432168714600E+08
4.357140E+01 2.432168717101E+08
5.028745E+01 2.432168815030E+08
8.290285E+01 2.432169087637E+08
4.817552E+01 2.432169126334E+08
1.078790E+02 2.432169340533E+08
4.160746E+01 2.432169928747E+08
6.430350E+01 2.432171127844E+08
8.395466E+01 2.432171906095E+08
4.397752E+01 2.432171956129E+08
3.469931E+01 2.432171967298E+08
7.288292E+01 2.432172785420E+08
4.974894E+01 2.432172968004E+08
8.448988E+01 2.432173415222E+08
2.288628E+02 2.432173780748E+08
3.842411E+01 2.432174187003E+08
6.684681E+01 2.432176615387E+08
2.095044E+02 2.432177108304E+08
4.479293E+01 2.432179510952E+08
2.197379E+03 2.432180279980E+08
5.539693E+01 2.432180396096E+08
3.786923E+01 2.432180619005E+08
3.974965E+01 2.432182954447E+08
4.891681E+01 2.432183335830E+08
9.683847E+01 2.432183386630E+08
5.335537E+01 2.432162815861E+08
2.175359E+02 2.432163096940E+08
1.174748E+02 2.432163323830E+08
6.320108E+01 2.432163661415E+08
8.600842E+01 2.432164146226E+08
6.244315E+01 2.432164754246E+08
2.471130E+02 2.432165042907E+08
1.009315E+02 2.432165259122E+08
6.654179E+03 2.432165366714E+08
1.556762E+02 2.432165472805E+08
6.110534E+01 2.432165631332E+08
2.696233E+02 2.432166260070E+08
4.482755E+02 2.432166476611E+08
3.198411E+01 2.432166569214E+08
4.626741E+01 2.432166898871E+08
2.806756E+02 2.432166993368E+08
2.659162E+02 2.432167060170E+08
9.522079E+01 2.432167108003E+08
9.336491E+02 2.432167168255E+08
4.581976E+02 2.432167210882E+08
4.087377E+02 2.432167528021E+08
2.942823E+02 2.432167572154E+08
4.519284E+01 2.432167691200E+08
3.532356E+01 2.432167707794E+08
5.375970E+01 2.432167711916E+08
5.565641E+01 2.432167712230E+08
9.116837E+01 2.432167712545E+08
1.502122E+02 2.432167712610E+08
5.633868E+01 2.432167714702E+08
4.019372E+01 2.432167718420E+08
8.921843E+01 2.432167718483E+08
7.174018E+01 2.432167719252E+08
4.519100E+01 2.432167719705E+08
7.728871E+01 2.432167720686E+08
1.409583E+02 2.432167722530E+08
4.080128E+01 2.432167722546E+08
3.588784E+02 2.432167722693E+08
5.023713E+01 2.432167722919E+08
5.953544E+01 2.432167723859E+08
8.858286E+01 2.432167724218E+08
7.583269E+01 2.432167724670E+08
1.125329E+02 2.432167724993E+08
4.057717E+01 2.432167725407E+08
1.039953E+02 2.432167726048E+08
1.762156E+02 2.432167726437E+08
1.774611E+02 2.432167726596E+08
5.958662E+01 2.432167728185E+08
3.641006E+01 2.432167729378E+08
4.068751E+01 2.432167731642E+08
4.504774E+01 2.432167740184E+08
8.827657E+01 2.432167741900E+08
3.253062E+01 2.432167741930E+08
1.014072E+02 2.432167745820E+08
3.048852E+01 2.432167749510E+08
9.616168E+01 2.432167752995E+08
9.260793E+01 2.432167766795E+08
9.565018E+01 2.432167771669E+08
6.625227E+01 2.432167773285E+08
1.932159E+02 2.432167773976E+08
5.094238E+01 2.432167779775E+08
6.139444E+01 2.432167780837E+08
6.582641E+01 2.432167785516E+08
7.729304E+01 2.432167792336E+08
5.934527E+01 2.432167793083E+08
5.797855E+01 2.432167795536E+08
9.386606E+01 2.432167806681E+08
5.143982E+01 2.432167808451E+08
9.490790E+01 2.432167811467E+08
1.197505E+02 2.432167811571E+08
1.937903E+02 2.432167815137E+08
7.175198E+01 2.432167835093E+08
4.463208E+01 2.432167844616E+08
1.902433E+02 2.432167860214E+08
1.193534E+02 2.432167861039E+08
1.006697E+02 2.432167865096E+08
7.113961E+01 2.432167869370E+08
3.745763E+02 2.432167885909E+08
1.490422E+02 2.432167886936E+08
4.394175E+01 2.432167888499E+08
4.137735E+02 2.432167889969E+08
1.248260E+02 2.432167891674E+08
3.741752E+01 2.432167892895E+08
8.767890E+02 2.432167912539E+08
8.634960E+01 2.432167923973E+08
8.290080E+01 2.432167935599E+08
1.984518E+02 2.432167936387E+08
3.212372E+01 2.432167957991E+08
7.114539E+01 2.432167962467E+08
1.060780E+02 2.432167963197E+08
4.300000E+01 2.432167972935E+08
4.669357E+01 2.432167989720E+08
2.714489E+02 2.432167990925E+08
2.410005E+02 2.432168001276E+08
7.250698E+01 2.432168004726E+08
4.666903E+01 2.432168012736E+08
9.251308E+01 2.432168031189E+08
1.100067E+02 2.432168041665E+08
8.484706E+01 2.432168095373E+08
9.715967E+01 2.432168096446E+08
5.706552E+01 2.432168099521E+08
6.965327E+01 2.432168110209E+08
4.741979E+01 2.432168118286E+08
1.177086E+02 2.432168188538E+08
1.453331E+02 2.432168191815E+08
3.142244E+01 2.432168196497E+08
3.369680E+02 2.432168299004E+08
7.130879E+01 2.432168351906E+08
6.235163E+01 2.432168419770E+08
4.051905E+01 2.432168437822E+08
9.756355E+01 2.432168498930E+08
3.287790E+01 2.432168541002E+08
7.570338E+01 2.432168568433E+08
2.066589E+02 2.432168597188E+08
1.753405E+03 2.432168598886E+08
5.278676E+01 2.432168707840E+08
4.560457E+01 2.432168734408E+08
1.410313E+02 2.432168958298E+08
9.492323E+01 2.432168960611E+08
1.109125E+02 2.432168970187E+08
4.972070E+01 2.432168992794E+08
7.716788E+01 2.432169072922E+08
9.960822E+01 2.432169172399E+08
9.550343E+01 2.432169252149E+08
3.269396E+02 2.432169535128E+08
1.559104E+02 2.432169700662E+08
8.499978E+01 2.432169780029E+08
4.876501E+01 2.432169968748E+08
6.626374E+01 2.432170057426E+08
3.257808E+01 2.432170176567E+08
5.846999E+01 2.432170208420E+08
6.404676E+01 2.432170232699E+08
4.058215E+01 2.432170353834E+08
1.055857E+02 2.432170411136E+08
1.884264E+02 2.432170438469E+08
5.267963E+01 2.432170456644E+08
2.928911E+02 2.432170589256E+08
6.721929E+01 2.432170647971E+08
9.069816E+01 2.432170764989E+08
4.460530E+01 2.432170766180E+08
1.134108E+02 2.432170889209E+08
7.127203E+01 2.432171024700E+08
3.708387E+01 2.432171182981E+08
4.447990E+01 2.432171276152E+08
1.330560E+02 2.432171298243E+08
2.064342E+02 2.432171496028E+08
3.783345E+01 2.432171536855E+08
3.490147E+01 2.432171647643E+08
3.344727E+02 2.432171761309E+08
5.789667E+02 2.432172034416E+08
4.099442E+02 2.432172150868E+08
1.705321E+02 2.432172154570E+08
5.792920E+01 2.432172369407E+08
5.099826E+01 2.432172681857E+08
2.890468E+02 2.432172927511E+08
2.694286E+03 2.432174245186E+08
4.358732E+01 2.432174333818E+08
8.886220E+01 2.432174501806E+08
3.443275E+02 2.432174740569E+08
3.331837E+01 2.432174779926E+08
1.294059E+02 2.432174843870E+08
4.055947E+01 2.432174870939E+08
3.960366E+01 2.432174976671E+08
1.327736E+02 2.432174980252E+08
1.547085E+02 2.432174988744E+08
2.443232E+02 2.432175078657E+08
2.072671E+02 2.432175442971E+08
1.492710E+02 2.432175480494E+08
9.845795E+01 2.432175751109E+08
4.571919E+01 2.432175778779E+08
7.194337E+01 2.432176232528E+08
4.595713E+01 2.432176236277E+08
1.471126E+02 2.432176267751E+08
5.184371E+02 2.432176293089E+08
1.254078E+02 2.432176367850E+08
7.574825E+01 2.432176427746E+08
2.053189E+02 2.432176450489E+08
5.681507E+01 2.432176736294E+08
8.879810E+01 2.432176751100E+08
6.677758E+01 2.432176839394E+08
6.189485E+01 2.432177661414E+08
5.784213E+01 2.432177856648E+08
2.056743E+02 2.432177891062E+08
4.478145E+01 2.432178009273E+08
1.210164E+02 2.432178053954E+08
3.869070E+01 2.432178563674E+08
1.508502E+02 2.432178787794E+08
1.492821E+02 2.432178950480E+08
6.349618E+01 2.432179042489E+08
1.430591E+03 2.432179164476E+08
4.029511E+01 2.432179611512E+08
4.994509E+01 2.432179772110E+08
5.067404E+02 2.432179781023E+08
5.058831E+02 2.432179854938E+08
4.873425E+01 2.432179900410E+08
1.666299E+02 2.432180070553E+08
8.684354E+01 2.432180128146E+08
8.463660E+01 2.432180424558E+08
7.021953E+02 2.432180659836E+08
1.119567E+02 2.432181334108E+08
2.657218E+02 2.432181660273E+08
1.178303E+02 2.432181726545E+08
2.778219E+02 2.432182055739E+08
6.546068E+03 2.432182387365E+08
2.085446E+02 2.432182562911E+08
3.033200E+02 2.432182845704E+08
9.075201E+01 2.432182866444E+08
4.928044E+01 2.432182878573E+08
1.168608E+02 2.432183018094E+08
2.248928E+02 2.432183227189E+08
4.214999E+02 2.432183505790E+08
6.308587E+01 2.432183907333E+08
1.712991E+02 2.432184021692E+08
8.182747E+01 2.432184075139E+08
1.163700E+02 2.432185086471E+08
4.686917E+02 2.432185296618E+08
6.593351E+01 2.432186055273E+08
1.194010E+02 2.432186055582E+08
3.610994E+01 2.432186152441E+08
6.982906E+01 2.432186595036E+08
2.508309E+02 2.432186967525E+08
3.934135E+01 2.432187006654E+08
1.694830E+02 2.432187280835E+08
5.021592E+01 2.432187643006E+08
1.466248E+02 2.432162667084E+08
2.644443E+02 2.432162726111E+08
1.107411E+02 2.432162974610E+08
9.522442E+01 2.432163344522E+08
3.189799E+02 2.432164157642E+08
5.666085E+01 2.432164342928E+08
1.183004E+02 2.432164679792E+08
3.879985E+02 2.432164811131E+08
6.104690E+01 2.432165647329E+08
3.637696E+01 2.432165737940E+08
7.642925E+01 2.432166505024E+08
7.237302E+01 2.432167138912E+08
6.427120E+02 2.432167230518E+08
2.031628E+02 2.432167233197E+08
6.379946E+01 2.432167717392E+08
5.932043E+01 2.432167724949E+08
3.860705E+01 2.432167824305E+08
5.198180E+01 2.432167974612E+08
5.180788E+01 2.432167984392E+08
3.066844E+01 2.432168103963E+08
5.207808E+01 2.432168886863E+08
5.728627E+02 2.432169210721E+08
3.929154E+01 2.432169335733E+08
2.695487E+02 2.432169606763E+08
8.709316E+02 2.432169832421E+08
2.072620E+02 2.432170222895E+08
1.488064E+03 2.432170372582E+08
3.766314E+01 2.432170455472E+08
3.604673E+01 2.432171037692E+08
1.612196E+02 2.432171085961E+08
2.267060E+02 2.432171341466E+08
8.848801E+01 2.432171373439E+08
8.888915E+01 2.432171718558E+08
3.173623E+01 2.432171871768E+08
1.088525E+02 2.432171884738E+08
1.061569E+02 2.432172122363E+08
1.120151E+02 2.432172460371E+08
1.715816E+02 2.432172525224E+08
7.389138E+01 2.432172811888E+08
8.474545E+01 2.432173038021E+08
7.412974E+01 2.432173049171E+08
3.058289E+02 2.432173690698E+08
1.250628E+02 2.432173699845E+08
4.221183E+02 2.432174326506E+08
3.820497E+01 2.432174435885E+08
1.398688E+02 2.432174447794E+08
3.621204E+01 2.432174486460E+08
4.771655E+01 2.432175868354E+08
6.184579E+01 2.432176043705E+08
4.752512E+02 2.432176063859E+08
6.024374E+01 2.432176288797E+08
1.658420E+02 2.432176494150E+08
8.603492E+02 2.432176722100E+08
5.220894E+02 2.432177335052E+08
8.091534E+01 2.432177926599E+08
2.554321E+03 2.432177963083E+08
1.556053E+03 2.432178229520E+08
3.271462E+01 2.432178381688E+08
1.323343E+02 2.432178895623E+08
1.318059E+02 2.432179181973E+08
4.095389E+01 2.432179367758E+08
5.018118E+01 2.432179402490E+08
7.486990E+01 2.432179664082E+08
9.874444E+02 2.432179762689E+08
3.557524E+02 2.432179820395E+08
3.084916E+02 2.432179903666E+08
5.820654E+01 2.432180111986E+08
3.905465E+01 2.432180837828E+08
2.214089E+03 2.432181020289E+08
4.340191E+01 2.432181877298E+08
2.180889E+02 2.432182002512E+08
3.662117E+02 2.432182383252E+08
3.569942E+02 2.432183081888E+08
1.076961E+02 2.432183157345E+08
8.818645E+01 2.432183226114E+08
1.040783E+02 2.432183332421E+08
4.371820E+01 2.432184357152E+08
4.527184E+02 2.432184518893E+08
3.308845E+02 2.432185105579E+08
3.696646E+01 2.432185608638E+08
4.294989E+01 2.432186013039E+08
1.431791E+02 2.432186120531E+08
5.302618E+02 2.432186377018E+08
8.888132E+01 2.432186450888E+08
7.155923E+01 2.432186611810E+08
1.148098E+03 2.432187096404E+08
8.187395E+01 2.432187304020E+08
3.407267E+01 2.432162860129E+08
7.343941E+01 2.432162919167E+08
1.352213E+02 2.432163324651E+08
3.770630E+01 2.432163338281E+08
8.188754E+03 2.432163621971E+08
5.910922E+01 2.432163927964E+08
4.347787E+01 2.432164439604E+08
1.355634E+02 2.432164474245E+08
1.526914E+02 2.432164732723E+08
2.543104E+02 2.432164823146E+08
1.777123E+02 2.432165335065E+08
7.923466E+01 2.432165428864E+08
2.288333E+03 2.432166215071E+08
1.174187E+02 2.432166908186E+08
6.098449E+01 2.432166979753E+08
1.873479E+02 2.432167042916E+08
1.579081E+02 2.432167080058E+08
3.675682E+01 2.432167713158E+08
3.292776E+01 2.432167713169E+08
6.454575E+01 2.432167717568E+08
4.652532E+01 2.432167722198E+08
9.904152E+01 2.432167725035E+08
5.364129E+01 2.432167731203E+08
4.660763E+01 2.432167731988E+08
3.106971E+01 2.432167740750E+08
9.644601E+01 2.432167752938E+08
6.404171E+01 2.432167794059E+08
3.474150E+01 2.432167838281E+08
4.753972E+01 2.432167861646E+08
2.300287E+02 2.432167880296E+08
3.454022E+01 2.432167880678E+08
5.012238E+01 2.432167886898E+08
4.297149E+01 2.432167887675E+08
1.128946E+02 2.432167905162E+08
6.862620E+01 2.432167934629E+08
5.629239E+01 2.432167989386E+08
6.568506E+01 2.432168006744E+08
5.329514E+01 2.432168177219E+08
6.448173E+01 2.432168351111E+08
7.461799E+01 2.432168353235E+08
6.747742E+01 2.432168401872E+08
4.008578E+01 2.432168502291E+08
1.451114E+03 2.432168993157E+08
5.256453E+01 2.432168995919E+08
7.457759E+01 2.432169104208E+08
3.826753E+02 2.432169342723E+08
3.902729E+01 2.432169537003E+08
5.754627E+01 2.432169773392E+08
1.440209E+02 2.432169921966E+08
6.315429E+01 2.432169939287E+08
2.846587E+02 2.432169997413E+08
1.141011E+02 2.432170331502E+08
5.156891E+01 2.432171372029E+08
4.647456E+01 2.432172074044E+08
1.437805E+02 2.432172321533E+08
1.121754E+02 2.432172354295E+08
5.441091E+01 2.432172749333E+08
4.198547E+01 2.432173130718E+08
3.690744E+01 2.432173342101E+08
7.607559E+01 2.432173701110E+08
6.873422E+01 2.432173944036E+08
3.396563E+01 2.432174344624E+08
4.075529E+01 2.432174393133E+08
4.022962E+02 2.432174491715E+08
5.219128E+01 2.432175004730E+08
1.417178E+02 2.432175192972E+08
1.768231E+02 2.432175217229E+08
3.374338E+02 2.432175342152E+08
5.878988E+01 2.432175880126E+08
3.226106E+02 2.432175990182E+08
5.705996E+01 2.432176020754E+08
3.895787E+01 2.432176180189E+08
1.456390E+02 2.432176793314E+08
4.484542E+01 2.432177867303E+08
2.544582E+02 2.432178637173E+08
1.573245E+02 2.432179009168E+08
2.691292E+02 2.432179188057E+08
4.985876E+02 2.432179556136E+08
4.276019E+01 2.432180184461E+08
6.895727E+01 2.432180261275E+08
7.323231E+02 2.432180354657E+08
4.432310E+01 2.432180518703E+08
4.414080E+01 2.432180711444E+08
3.214357E+01 2.432180902432E+08
4.444873E+01 2.432181266845E+08
1.211873E+02 2.432182044101E+08
8.263803E+02 2.432182085908E+08
1.891927E+02 2.432182541109E+08
1.056591E+02 2.432182561140E+08
3.056855E+02 2.432183365340E+08
1.544673E+02 2.432183468236E+08
8.767223E+01 2.432183599458E+08
4.782606E+01 2.432183787756E+08
3.039752E+01 2.432184929797E+08
1.034298E+02 2.432185038463E+08
4.576916E+01 2.432185245594E+08
6.161384E+01 2.432185604757E+08
8.947338E+01 2.432186607211E+08
7.909292E+01 2.432187285681E+08
3.089755E+01 2.432187451847E+08
7.245172E+01 2.432187524792E+08
1.957622E+02 2.432163033124E+08
7.041813E+02 2.432163727170E+08
4.694276E+01 2.432164536238E+08
6.445551E+02 2.432164685754E+08
4.408342E+01 2.432164724550E+08
4.016790E+01 2.432165222114E+08
7.616956E+01 2.432165387527E+08
5.715491E+01 2.432166413133E+08
2.164939E+02 2.432166974667E+08
8.028293E+01 2.432167241474E+08
1.710641E+02 2.432167294474E+08
4.797323E+01 2.432167735636E+08
4.326635E+01 2.432167736130E+08
5.154475E+01 2.432167738862E+08
3.224462E+01 2.432167763243E+08
5.267754E+01 2.432167763257E+08
1.566778E+02 2.432167802069E+08
5.751051E+01 2.432168121845E+08
7.059736E+02 2.432168198818E+08
8.285847E+02 2.432168633292E+08
1.033571E+02 2.432168799786E+08
4.877470E+01 2.432169218868E+08
5.389191E+02 2.432169976635E+08
4.791720E+02 2.432170081454E+08
5.293014E+01 2.432170166798E+08
4.784583E+02 2.432170249891E+08
8.862287E+01 2.432171147090E+08
6.732787E+02 2.432171613715E+08
2.920994E+02 2.432171896111E+08
4.190553E+01 2.432172200658E+08
4.928935E+01 2.432172244267E+08
5.361802E+02 2.432172257438E+08
1.170714E+02 2.432172632504E+08
6.560376E+01 2.432172664673E+08
4.308041E+02 2.432172834860E+08
6.909367E+01 2.432172837733E+08
4.427633E+01 2.432172898214E+08
1.796756E+02 2.432173813681E+08
1.400954E+02 2.432173875776E+08
1.018789E+02 2.432173893285E+08
2.979589E+02 2.432173919576E+08
6.468362E+01 2.432174126831E+08
5.069275E+01 2.432174383222E+08
8.199670E+01 2.432174479681E+08
7.003487E+01 2.432174490112E+08
9.114471E+01 2.432174503818E+08
3.540539E+01 2.432175052076E+08
7.002124E+01 2.432175101841E+08
5.992061E+01 2.432175198681E+08
4.847671E+02 2.432175664364E+08
6.675067E+02 2.432176067414E+08
6.034865E+02 2.432176097018E+08
1.831544E+02 2.432176289118E+08
6.392410E+01 2.432176487616E+08
4.891006E+01 2.432176510121E+08
2.387539E+02 2.432176673971E+08
2.724375E+02 2.432176810084E+08
1.387183E+02 2.432177425459E+08
4.343907E+01 2.432178227743E+08
1.378987E+02 2.432178604823E+08
4.303352E+02 2.432178985684E+08
1.143202E+02 2.432179331269E+08
3.397534E+01 2.432179382374E+08
1.564703E+02 2.432179910670E+08
5.460364E+01 2.432180038179E+08
4.067012E+02 2.432180125596E+08
4.278998E+01 2.432180171289E+08
7.003658E+01 2.432180228576E+08
1.019052E+03 2.432180427672E+08
1.535806E+02 2.432180664147E+08
5.860477E+01 2.432180875114E+08
5.639680E+03 2.432180904982E+08
1.134608E+02 2.432181014249E+08
2.290284E+02 2.432181127226E+08
3.140549E+01 2.432181189377E+08
4.390612E+01 2.432181240549E+08
2.544839E+02 2.432181354430E+08
2.116603E+02 2.432181493167E+08
4.861220E+01 2.432182009316E+08
4.719368E+01 2.432182042841E+08
9.640003E+01 2.432182082158E+08
5.498083E+01 2.432182278177E+08
5.465170E+02 2.432182286152E+08
4.766435E+01 2.432182454280E+08
1.552855E+02 2.432182684873E+08
4.579919E+02 2.432183595782E+08
6.543526E+01 2.432183795178E+08
3.695402E+01 2.432184111565E+08
3.461132E+01 2.432184177299E+08
1.424741E+03 2.432184498615E+08
4.063002E+01 2.432184655023E+08
3.644936E+01 2.432185132820E+08
1.065552E+02 2.432185270930E+08
4.338576E+01 2.432185826563E+08
4.396458E+01 2.432186892926E+08
8.454539E+01 2.432187215040E+08
7.448314E+02 2.432187493432E+08
1.050623E+02 2.432187509885E+08
1.045555E+03 2.432164513159E+08
1.690713E+02 2.432164641128E+08
8.073331E+01 2.432165198376E+08
6.285354E+01 2.432165250193E+08
3.295863E+02 2.432165279161E+08
7.812264E+02 2.432165660488E+08
9.284243E+02 2.432165700839E+08
9.197925E+01 2.432165701464E+08
3.045100E+01 2.432166707328E+08
2.200597E+02 2.432166740758E+08
1.385473E+02 2.432166744634E+08
1.018367E+02 2.432166915860E+08
4.841064E+03 2.432166926751E+08
1.579059E+02 2.432166969452E+08
2.327031E+03 2.432167029475E+08
6.129830E+02 2.432167126710E+08
3.064710E+02 2.432167462249E+08
1.298145E+02 2.432167463997E+08
2.591103E+02 2.432167561370E+08
1.433137E+02 2.432167679658E+08
9.217025E+01 2.432167717652E+08
5.407628E+01 2.432167721422E+08
4.910203E+01 2.432167838956E+08
5.731548E+02 2.432167852735E+08
3.425613E+01 2.432167860088E+08
4.079927E+01 2.432167860638E+08
4.063104E+01 2.432167880642E+08
3.153088E+01 2.432167882160E+08
4.882052E+01 2.432167908883E+08
9.807528E+01 2.432167916666E+08
3.029560E+01 2.432167918633E+08
6.771420E+01 2.432167934620E+08
2.954197E+02 2.432167960337E+08
9.117699E+01 2.432167971100E+08
1.210588E+02 2.432168062667E+08
7.499534E+01 2.432168123731E+08
1.138107E+02 2.432168137501E+08
6.172301E+01 2.432168252967E+08
3.176696E+02 2.432168296867E+08
1.993526E+02 2.432168319822E+08
1.123163E+02 2.432168346573E+08
8.720917E+02 2.432168367171E+08
8.979134E+02 2.432168907164E+08
1.262077E+02 2.432169128499E+08
1.065821E+02 2.432169164582E+08
5.868995E+01 2.432169213480E+08
1.180446E+02 2.432169369169E+08
6.603416E+02 2.432169526738E+08
1.593594E+02 2.432169551180E+08
3.176514E+02 2.432169611090E+08
4.054338E+02 2.432169626318E+08
6.437090E+01 2.432169663869E+08
3.939206E+01 2.432169839413E+08
1.540038E+02 2.432169961347E+08
7.319962E+01 2.432169997382E+08
4.461752E+02 2.432170024835E+08
1.652588E+02 2.432170027741E+08
5.312996E+02 2.432170144943E+08
1.338407E+02 2.432170245275E+08
9.680773E+02 2.432170360818E+08
9.971355E+01 2.432170448386E+08
6.059293E+01 2.432170511707E+08
1.017995E+03 2.432170554551E+08
1.156128E+02 2.432170613191E+08
7.669742E+01 2.432170618449E+08
1.191390E+02 2.432170706946E+08
4.156772E+02 2.432170753739E+08
1.729963E+02 2.432170941516E+08
1.022158E+02 2.432171001870E+08
5.164777E+02 2.432171011324E+08
2.156605E+02 2.432171055867E+08
2.316869E+02 2.432171279680E+08
1.460513E+03 2.432171420495E+08
1.369634E+03 2.432171444375E+08
6.567937E+01 2.432171696129E+08
1.705959E+02 2.432171707268E+08
1.045484E+02 2.432171754003E+08
3.101422E+02 2.432171762729E+08
2.331529E+02 2.432171806901E+08
1.241635E+02 2.432171926702E+08
3.340081E+02 2.432172098731E+08
8.734283E+01 2.432172138032E+08
5.729198E+01 2.432172242064E+08
6.969582E+02 2.432172243575E+08
2.964150E+02 2.432172294228E+08
1.864821E+02 2.432172346972E+08
4.325449E+01 2.432172461968E+08
1.211245E+03 2.432172504788E+08
2.246667E+02 2.432172516409E+08
2.667317E+03 2.432172597131E+08
6.801339E+01 2.432172601230E+08
1.978644E+02 2.432172728397E+08
2.725845E+02 2.432172796121E+08
4.627692E+02 2.432172817805E+08
5.522328E+02 2.432173040073E+08
1.615891E+03 2.432173046841E+08
5.248428E+01 2.432173180761E+08
1.910759E+02 2.432173441366E+08
6.022925E+02 2.432173554835E+08
1.836249E+02 2.432173590514E+08
1.817321E+02 2.432173689226E+08
1.439615E+02 2.432173901382E+08
3.455337E+02 2.432173965370E+08
4.116749E+02 2.432174073995E+08
5.421498E+01 2.432174157396E+08
1.130436E+02 2.432174375928E+08
1.791350E+02 2.432174448867E+08
9.686676E+01 2.432174459665E+08
4.117155E+02 2.432174596463E+08
2.478173E+02 2.432174768989E+08
8.483152E+02 2.432174861919E+08
2.522661E+02 2.432174872557E+08
5.601104E+01 2.432174960932E+08
2.676928E+03 2.432174993113E+08
2.521367E+03 2.432175062892E+08
4.990896E+02 2.432175222771E+08
7.434420E+01 2.432175227320E+08
1.513967E+02 2.432175263870E+08
6.354444E+01 2.432175439685E+08
2.213280E+02 2.432175444450E+08
1.871581E+02 2.432175510798E+08
3.864869E+01 2.432175528393E+08
8.107635E+01 2.432175544476E+08
2.241840E+02 2.432175577528E+08
5.659587E+02 2.432176006457E+08
4.777451E+01 2.432176031773E+08
3.371837E+02 2.432176060158E+08
1.499881E+03 2.432176210241E+08
2.667631E+03 2.432176297537E+08
1.515071E+02 2.432176443698E+08
5.161794E+02 2.432176476698E+08
1.498759E+02 2.432176610099E+08
4.564594E+01 2.432176734134E+08
4.918137E+02 2.432176746197E+08
7.704518E+02 2.432176794021E+08
1.012811E+03 2.432176910250E+08
3.354232E+01 2.432176964171E+08
3.024825E+02 2.432176996049E+08
3.116701E+02 2.432177121754E+08
1.125984E+02 2.432177147104E+08
7.109376E+03 2.432177209024E+08
6.196247E+01 2.432177214194E+08
7.852064E+02 2.432177332602E+08
4.806321E+02 2.432177354595E+08
7.152343E+01 2.432177397339E+08
7.217929E+01 2.432177488097E+08
1.142280E+03 2.432177658198E+08
9.999935E+01 2.432177693130E+08
3.775120E+01 2.432177709470E+08
5.814299E+02 2.432177746794E+08
3.352217E+02 2.432177916155E+08
6.380388E+01 2.432178036229E+08
8.736753E+01 2.432178044681E+08
6.647074E+02 2.432178072761E+08
1.155136E+03 2.432178117083E+08
1.466611E+02 2.432178243886E+08
6.001256E+02 2.432178251271E+08
7.131964E+02 2.432178548515E+08
8.377813E+02 2.432178714133E+08
1.428771E+02 2.432178759150E+08
9.762051E+01 2.432178792189E+08
6.827481E+01 2.432178847014E+08
2.018228E+02 2.432178848981E+08
1.134393E+02 2.432179150157E+08
2.403979E+03 2.432179154965E+08
1.736897E+02 2.432179188268E+08
1.630029E+02 2.432179303374E+08
3.096571E+02 2.432179343551E+08
8.320149E+01 2.432179358894E+08
8.713130E+01 2.432179396789E+08
1.894443E+03 2.432179451818E+08
6.733141E+01 2.432179519572E+08
4.375645E+02 2.432179590186E+08
7.233629E+01 2.432179614909E+08
2.744544E+03 2.432179674791E+08
3.687385E+01 2.432179777963E+08
1.263179E+02 2.432179860188E+08
3.295690E+02 2.432179924130E+08
1.519966E+02 2.432179944165E+08
9.085718E+01 2.432179987998E+08
6.789234E+01 2.432180021429E+08
1.573339E+02 2.432180050637E+08
4.462019E+02 2.432180279138E+08
5.283410E+01 2.432180298423E+08
7.258252E+01 2.432180358983E+08
2.424068E+02 2.432180459642E+08
1.113426E+03 2.432180644343E+08
4.634283E+02 2.432180661709E+08
5.869849E+02 2.432180672825E+08
7.343155E+01 2.432181046233E+08
2.656581E+02 2.432181149122E+08
5.939669E+01 2.432181190159E+08
6.996064E+01 2.432181215847E+08
3.593792E+01 2.432181239437E+08
4.251480E+02 2.432181241798E+08
1.502461E+02 2.432181247986E+08
8.685111E+02 2.432181287737E+08
2.472949E+02 2.432181323511E+08
1.000045E+02 2.432181346496E+08
1.245640E+02 2.432181478155E+08
1.686990E+02 2.432181561094E+08
2.049998E+02 2.432181822995E+08
7.300859E+02 2.432181985955E+08
1.354960E+02 2.432182016003E+08
7.953066E+02 2.432182066123E+08
4.493709E+02 2.432182073370E+08
3.237234E+02 2.432182343112E+08
1.434888E+03 2.432182347592E+08
1.124480E+02 2.432182427549E+08
4.196203E+02 2.432182489125E+08
6.277211E+01 2.432182518621E+08
1.558087E+02 2.432182524741E+08
6.101713E+01 2.432182534995E+08
9.996137E+01 2.432182564931E+08
4.156852E+02 2.432182580195E+08
3.783679E+02 2.432182647733E+08
1.062279E+02 2.432182957767E+08
9.743570E+01 2.432182961357E+08
1.412272E+02 2.432182972198E+08
4.619004E+01 2.432183081419E+08
4.326553E+03 2.432183116089E+08
3.694266E+02 2.432183122628E+08
9.525842E+02 2.432183143133E+08
1.485278E+02 2.432183520900E+08
2.425384E+02 2.432183638738E+08
1.603714E+02 2.432183811747E+08
5.214270E+01 2.432183887211E+08
4.893709E+02 2.432183967265E+08
1.696573E+03 2.432183972315E+08
1.323694E+02 2.432183990830E+08
7.770867E+01 2.432184120615E+08
3.201428E+02 2.432184143149E+08
4.904189E+01 2.432184219078E+08
6.626361E+01 2.432184361655E+08
1.638124E+02 2.432184613675E+08
3.189095E+02 2.432184627448E+08
8.520945E+02 2.432184658482E+08
1.137649E+02 2.432184796956E+08
2.126407E+02 2.432184900810E+08
7.515705E+02 2.432184952564E+08
3.031642E+02 2.432184962823E+08
1.018952E+03 2.432185049219E+08
3.099335E+01 2.432185104711E+08
2.868328E+02 2.432185151693E+08
9.959059E+01 2.432185164804E+08
6.199812E+01 2.432185168838E+08
2.279099E+02 2.432185251861E+08
3.589481E+02 2.432185537994E+08
4.518195E+01 2.432185586350E+08
2.620067E+03 2.432185720982E+08
2.282117E+02 2.432185724436E+08
3.809163E+02 2.432185811791E+08
1.099258E+02 2.432185975016E+08
8.866780E+01 2.432186206534E+08
5.401030E+01 2.432186221334E+08
1.776379E+02 2.432186269811E+08
3.153513E+01 2.432186346617E+08
7.089954E+02 2.432186440318E+08
5.244567E+01 2.432186495414E+08
7.848941E+01 2.432186615857E+08
4.613357E+02 2.432186639547E+08
6.434612E+02 2.432186747929E+08
4.203084E+01 2.432186815277E+08
1.745024E+03 2.432186833681E+08
1.128571E+03 2.432186987187E+08
2.177690E+02 2.432187102191E+08
9.561774E+02 2.432187202524E+08
3.295705E+02 2.432187254680E+08
7.601891E+01 2.432187400183E+08
1.469387E+03 2.432187412837E+08
4.044458E+02 2.432187485843E+08
6.225134E+02 2.432187529907E+08
1.155451E+02 2.432187536151E+08
6.129612E+01 2.432169821369E+08
7.803418E+01 2.432172102213E+08
8.544804E+01 2.432172169106E+08
8.029836E+01 2.432173299895E+08
3.411237E+02 2.432173943830E+08
3.801487E+01 2.432174415325E+08
7.192834E+01 2.432174498093E+08
4.554276E+01 2.432174511149E+08
7.173571E+02 2.432174962242E+08
9.520735E+01 2.432175443065E+08
1.261872E+02 2.432175879932E+08
3.108310E+01 2.432176944126E+08
4.059197E+02 2.432177271404E+08
6.964564E+01 2.432177424959E+08
4.008364E+01 2.432178240893E+08
4.110579E+02 2.432178855931E+08
5.419778E+01 2.432179545073E+08
3.573777E+03 2.432179689759E+08
3.386844E+03 2.432179942013E+08
4.640193E+01 2.432180045250E+08
3.873322E+02 2.432180084525E+08
3.196153E+01 2.432180925715E+08
1.326025E+02 2.432180943299E+08
5.007366E+02 2.432181953322E+08
3.949364E+01 2.432182538144E+08
2.089030E+02 2.432182775293E+08
5.358131E+01 2.432182808188E+08
1.578244E+02 2.432183531523E+08
2.044660E+03 2.432183888222E+08
4.263212E+01 2.432184928301E+08
3.687167E+01 2.432185455550E+08
5.360482E+02 2.432185814309E+08
1.684395E+02 2.432185931190E+08
4.547362E+01 2.432186412654E+08
3.128952E+01 2.432186459251E+08
7.042155E+03 2.432187176298E+08
2.927096E+02 2.432187176645E+08
4.948075E+01 2.432187219340E+08
6.985674E+01 2.432187313172E+08
1.018018E+02 2.432187439690E+08
5.314818E+01 2.432187505139E+08
3.961796E+01 2.432164464348E+08
8.820168E+01 2.432165178336E+08
2.228230E+02 2.432166788560E+08
7.341533E+01 2.432167256853E+08
6.008627E+01 2.432167558079E+08
3.876476E+01 2.432167721511E+08
5.774546E+01 2.432167734677E+08
4.615874E+01 2.432167813850E+08
5.738744E+01 2.432167991635E+08
5.932437E+01 2.432168247257E+08
6.026814E+01 2.432168416036E+08
5.307782E+01 2.432168559192E+08
1.408000E+02 2.432169065889E+08
2.771514E+02 2.432169229293E+08
1.744564E+02 2.432169821403E+08
4.598108E+01 2.432169862069E+08
1.059701E+02 2.432170149781E+08
1.153864E+02 2.432171231468E+08
7.678442E+02 2.432171625196E+08
4.807540E+01 2.432172002515E+08
1.126240E+02 2.432172246799E+08
4.653371E+02 2.432172692784E+08
1.383800E+02 2.432172964347E+08
1.795520E+02 2.432173147577E+08
1.987999E+02 2.432173910309E+08
1.206891E+02 2.432174851528E+08
1.328865E+02 2.432175365157E+08
7.555925E+01 2.432175479109E+08
1.645223E+02 2.432175506118E+08
1.004652E+02 2.432175891192E+08
3.214525E+01 2.432176083552E+08
4.245507E+01 2.432176758207E+08
1.936201E+02 2.432176786228E+08
3.179419E+01 2.432177763607E+08
4.165781E+02 2.432177963250E+08
5.912224E+02 2.432178676752E+08
8.051920E+01 2.432178759469E+08
2.028715E+02 2.432179338351E+08
4.759468E+01 2.432179339445E+08
1.174535E+02 2.432179362912E+08
8.254735E+02 2.432179390861E+08
4.070574E+02 2.432179818682E+08
4.120758E+01 2.432180983426E+08
2.003381E+02 2.432181259097E+08
1.363198E+03 2.432181551814E+08
2.652583E+02 2.432181765809E+08
1.044058E+02 2.432181869413E+08
2.004344E+02 2.432182568016E+08
4.023134E+01 2.432182818797E+08
3.694794E+01 2.432182881401E+08
1.658107E+02 2.432183289164E+08
6.265821E+02 2.432183509529E+08
5.032548E+02 2.432183595616E+08
8.901124E+01 2.432184440799E+08
3.934709E+01 2.432184451612E+08
4.000567E+01 2.432184654637E+08
1.502549E+02 2.432184726201E+08
6.544342E+01 2.432185039194E+08
4.058022E+02 2.432185048355E+08
8.529775E+02 2.432185141937E+08
5.977070E+01 2.432185215093E+08
7.898734E+01 2.432185250165E+08
7.210969E+02 2.432185599929E+08
9.238026E+01 2.432185698886E+08
4.655550E+01 2.432185952954E+08
1.803431E+02 2.432186297543E+08
3.939504E+01 2.432186380232E+08
6.595238E+01 2.432186482951E+08
7.255119E+01 2.432186783696E+08
6.048365E+01 2.432186928320E+08
1.707656E+02 2.432187014297E+08
1.877728E+02 2.432187278290E+08
4.017634E+01 2.432187391514E+08
8.562320E+01 2.432187441008E+08
2.564833E+02 2.432187481911E+08
2.625364E+02 2.432187143781E+08
4.930978E+01 2.432187195204E+08
2.132144E+02 2.432187573240E+08
8.919670E+01 2.432178992808E+08
7.682016E+01 2.432179453675E+08
1.041455E+02 2.432180192478E+08
4.348196E+01 2.432180451432E+08
5.360787E+01 2.432181192651E+08
1.231919E+02 2.432183876097E+08
9.051191E+01 2.432184588371E+08
1.301751E+02 2.432184593396E+08
4.894261E+01 2.432184684744E+08
4.202953E+02 2.432185663153E+08
1.664514E+02 2.432186074336E+08
4.272563E+01 2.432186384831E+08
7.384698E+01 2.432186508446E+08
1.127739E+02 2.432186587505E+08
4.228094E+01 2.432186629124E+08
4.116219E+01 2.432187463638E+08
6.107698E+01 2.432180630916E+08
1.370675E+02 2.432181617063E+08
2.646108E+02 2.432181878679E+08
3.706181E+02 2.432182070504E+08
5.712043E+01 2.432183374233E+08
1.761388E+02 2.432183798235E+08
4.513230E+02 2.432184065937E+08
3.932387E+02 2.432185293065E+08
5.882064E+02 2.432185425461E+08
5.224421E+02 2.432186039812E+08
8.092566E+02 2.432186226762E+08
4.771973E+01 2.432186284706E+08
5.255295E+01 2.432186460672E+08
8.487125E+01 2.432186981236E+08
3.161524E+02 2.432187156533E+08
2.757048E+02 2.432187171607E+08
1.517925E+02 2.432187236092E+08
1.094464E+02 2.432187558164E+08
1.127584E+02 2.432182009538E+08
1.458024E+02 2.432183638783E+08
2.830081E+02 2.432185074795E+08
9.147973E+01 2.432185890753E+08
7.044965E+01 2.432186959842E+08
7.521452E+01 2.432181011763E+08
7.409492E+02 2.432181734359E+08
1.348521E+02 2.432182070331E+08
2.496983E+03 2.432182352526E+08
5.770703E+01 2.432182883104E+08
4.350277E+01 2.432183421583E+08
6.022438E+01 2.432183721106E+08
2.484313E+02 2.432183776430E+08
8.792645E+01 2.432183884087E+08
4.408546E+02 2.432184357289E+08
2.296133E+02 2.432184582292E+08
3.695354E+01 2.432184668285E+08
1.001425E+02 2.432185541603E+08
8.720708E+01 2.432185675040E+08
1.108555E+02 2.432186216894E+08
1.104062E+03 2.432186570287E+08
4.798090E+01 2.432186771497E+08
7.564350E+02 2.432187167039E+08
7.234496E+02 2.432187583826E+08
9.938989E+02 2.432185204323E+08
1.497359E+02 2.432185608642E+08
1.820804E+02 2.432186539058E+08
3.792184E+01 2.432184273274E+08
8.465388E+02 2.432185200279E+08
8.733155E+01 2.432185859208E+08
3.876367E+02 2.432186066995E+08
8.303090E+01 2.432186382345E+08
3.919716E+01 2.432186813535E+08
5.075634E+01 2.432186947157E+08
3.930752E+01 2.432186969846E+08
1.246076E+02 2.432187297107E+08
1.736482E+02 2.432187412198E+08
5.895774E+01 2.432187527354E+08
4.251746E+02 2.432183583953E+08
2.395172E+02 2.432184705059E+08
1.521710E+02 2.432185712409E+08
2.721087E+02 2.432186253055E+08
4.968038E+01 2.432186655390E+08
1.360236E+02 2.432187477514E+08
8.650735E+01 2.432187577155E+08
4.590369E+01 2.432185410219E+08
9.297600E+01 2.432163604852E+08
5.862403E+01 2.432164942623E+08
7.007547E+01 2.432162897325E+08
3.611940E+01 2.432163181856E+08
5.012206E+01 2.432163302082E+08
