3.439026E+01 2.636077826864E+08
5.265053E+01 2.636077827742E+08
1.345229E+02 2.636077828755E+08
2.701965E+02 2.636077830346E+08
9.190673E+01 2.636077830609E+08
7.851913E+01 2.636077831129E+08
3.896121E+01 2.636077831453E+08
3.903404E+01 2.636077831499E+08
7.014727E+01 2.636077833746E+08
4.193663E+01 2.636077834064E+08
2.645528E+02 2.636077838770E+08
7.766727E+01 2.636077841348E+08
6.669798E+01 2.636077849474E+08
8.526909E+01 2.636077875238E+08
2.369934E+02 2.636077897525E+08
4.207970E+01 2.636078319760E+08
5.149782E+01 2.636078418512E+08
9.254995E+01 2.636077826196E+08
2.997934E+02 2.636077826207E+08
1.488691E+02 2.636077827068E+08
4.230287E+01 2.636077827555E+08
1.329558E+02 2.636077827728E+08
1.611851E+02 2.636077827956E+08
8.850621E+01 2.636077828211E+08
4.645001E+01 2.636077828299E+08
1.158200E+02 2.636077828312E+08
6.027746E+01 2.636077828347E+08
3.560164E+02 2.636077828395E+08
4.845626E+01 2.636077828468E+08
3.180927E+01 2.636077828953E+08
7.976208E+01 2.636077829328E+08
2.389043E+02 2.636077830082E+08
8.654337E+01 2.636077830387E+08
2.853768E+02 2.636077830821E+08
3.563164E+02 2.636077830968E+08
5.949601E+01 2.636077831125E+08
8.933807E+01 2.636077831311E+08
6.378090E+01 2.636077831847E+08
2.225461E+02 2.636077832250E+08
4.590672E+01 2.636077832459E+08
4.205900E+02 2.636077832758E+08
4.310888E+01 2.636077832964E+08
5.489675E+01 2.636077833185E+08
1.309368E+02 2.636077833590E+08
2.206114E+02 2.636077833904E+08
2.124803E+02 2.636077837255E+08
8.586154E+01 2.636077837976E+08
9.425746E+01 2.636077839509E+08
1.357212E+02 2.636077840015E+08
7.112343E+01 2.636077840084E+08
7.014990E+01 2.636077842978E+08
6.952052E+01 2.636077846383E+08
4.743194E+01 2.636077847006E+08
7.523236E+01 2.636077850177E+08
3.527508E+01 2.636077852495E+08
9.209605E+01 2.636077853195E+08
5.757597E+01 2.636077859878E+08
6.885310E+01 2.636077860040E+08
1.012442E+02 2.636077860099E+08
9.356788E+02 2.636077861177E+08
6.837526E+01 2.636077864561E+08
9.255338E+01 2.636077901926E+08
1.126205E+02 2.636077907970E+08
1.176607E+02 2.636077911429E+08
8.270871E+01 2.636077927103E+08
5.552694E+01 2.636077957881E+08
1.440625E+02 2.636077968659E+08
3.825160E+01 2.636078024526E+08
4.484770E+01 2.636078058014E+08
1.291857E+02 2.636078059301E+08
5.942675E+01 2.636078298234E+08
1.604009E+02 2.636078398349E+08
3.838959E+01 2.636078965807E+08
1.173944E+02 2.636079247090E+08
1.203866E+02 2.636079349654E+08
4.265868E+01 2.636077827412E+08
5.659550E+01 2.636077828075E+08
1.187443E+02 2.636077828137E+08
5.792120E+01 2.636077828327E+08
8.063899E+01 2.636077828991E+08
3.215351E+01 2.636077829494E+08
4.114817E+01 2.636077829580E+08
3.264946E+01 2.636077829670E+08
4.759136E+01 2.636077829797E+08
7.014291E+01 2.636077829958E+08
6.798415E+01 2.636077830841E+08
5.021061E+01 2.636077830938E+08
5.805003E+01 2.636077831799E+08
7.688054E+01 2.636077832134E+08
6.775726E+01 2.636077832440E+08
8.856084E+01 2.636077832917E+08
4.528265E+01 2.636077833418E+08
4.279409E+01 2.636077833731E+08
5.516195E+01 2.636077833968E+08
1.234624E+02 2.636077834013E+08
8.354335E+01 2.636077836387E+08
1.843434E+02 2.636077836627E+08
5.224111E+01 2.636077836967E+08
1.358583E+02 2.636077841649E+08
6.602032E+01 2.636077842910E+08
4.536241E+01 2.636077843392E+08
1.368893E+02 2.636077844622E+08
6.428958E+01 2.636077848490E+08
5.372657E+01 2.636077852502E+08
6.471937E+01 2.636077856627E+08
1.386798E+02 2.636077871311E+08
5.210742E+01 2.636077878530E+08
1.328490E+02 2.636077897055E+08
4.939876E+01 2.636077988536E+08
5.403087E+01 2.636078094797E+08
4.565206E+01 2.636078138867E+08
6.893692E+01 2.636078431343E+08
4.373706E+01 2.636078880402E+08
6.619271E+01 2.636080216723E+08
5.618053E+01 2.636080600618E+08
7.260555E+02 2.636077819674E+08
4.558327E+02 2.636077820061E+08
8.175899E+01 2.636077821426E+08
5.262224E+02 2.636077821465E+08
3.180117E+01 2.636077825269E+08
1.035657E+02 2.636077826603E+08
2.862053E+02 2.636077826659E+08
2.612296E+02 2.636077826663E+08
2.705506E+02 2.636077827020E+08
1.274425E+03 2.636077827022E+08
1.863879E+03 2.636077827028E+08
3.462956E+03 2.636077827069E+08
8.114253E+02 2.636077827088E+08
1.989308E+02 2.636077827123E+08
8.872970E+01 2.636077827256E+08
2.084351E+02 2.636077827277E+08
1.961659E+02 2.636077827323E+08
1.677480E+02 2.636077827375E+08
1.032712E+02 2.636077827383E+08
2.468015E+02 2.636077827400E+08
1.107030E+02 2.636077827404E+08
1.815631E+02 2.636077827437E+08
8.291645E+01 2.636077827511E+08
2.575098E+02 2.636077827608E+08
5.321646E+02 2.636077827631E+08
1.389403E+03 2.636077827631E+08
2.527076E+03 2.636077827642E+08
3.587412E+02 2.636077827650E+08
9.636301E+01 2.636077827667E+08
4.596480E+01 2.636077827711E+08
2.564660E+02 2.636077827870E+08
1.988648E+02 2.636077827901E+08
8.158578E+02 2.636077827929E+08
2.008683E+03 2.636077827992E+08
2.991478E+04 2.636077827993E+08
1.118899E+02 2.636077828000E+08
1.253673E+03 2.636077828001E+08
5.278762E+01 2.636077828057E+08
7.634628E+02 2.636077828089E+08
1.338297E+02 2.636077828147E+08
1.486181E+02 2.636077828156E+08
4.386910E+02 2.636077828165E+08
6.642531E+03 2.636077828167E+08
2.342832E+02 2.636077828185E+08
9.172850E+02 2.636077828218E+08
5.479339E+02 2.636077828251E+08
2.802750E+02 2.636077828277E+08
5.338121E+02 2.636077828364E+08
3.657391E+01 2.636077828372E+08
4.362379E+01 2.636077828392E+08
9.107978E+02 2.636077828436E+08
5.893442E+01 2.636077828477E+08
2.462954E+02 2.636077828546E+08
8.639291E+01 2.636077828580E+08
1.393766E+02 2.636077828591E+08
4.559696E+02 2.636077828611E+08
5.316107E+02 2.636077828641E+08
7.108890E+02 2.636077828646E+08
2.195223E+03 2.636077828758E+08
2.418714E+02 2.636077828760E+08
2.972780E+02 2.636077828821E+08
1.534668E+02 2.636077828834E+08
1.100661E+03 2.636077828854E+08
2.545029E+03 2.636077828878E+08
3.091503E+01 2.636077828974E+08
1.372801E+02 2.636077828985E+08
5.434856E+01 2.636077829043E+08
5.195594E+01 2.636077829047E+08
1.331784E+02 2.636077829150E+08
1.329092E+02 2.636077829183E+08
3.777986E+02 2.636077829238E+08
2.530832E+03 2.636077829253E+08
2.542588E+02 2.636077829313E+08
1.098549E+02 2.636077829372E+08
4.055500E+02 2.636077829382E+08
6.827274E+02 2.636077829448E+08
4.475434E+02 2.636077829507E+08
1.479341E+03 2.636077829531E+08
4.209150E+01 2.636077829547E+08
1.042677E+02 2.636077829760E+08
9.331890E+02 2.636077829804E+08
3.291611E+01 2.636077829820E+08
5.596798E+02 2.636077829848E+08
1.303006E+02 2.636077829918E+08
2.776203E+02 2.636077829982E+08
7.025986E+02 2.636077830030E+08
4.488580E+02 2.636077830329E+08
1.363826E+03 2.636077830377E+08
4.505421E+01 2.636077830456E+08
1.167665E+02 2.636077830615E+08
9.246315E+01 2.636077830681E+08
8.166586E+01 2.636077830683E+08
2.569027E+02 2.636077830893E+08
1.143055E+02 2.636077830920E+08
2.550408E+02 2.636077831169E+08
1.679214E+02 2.636077831225E+08
3.263687E+02 2.636077831317E+08
3.724045E+02 2.636077831326E+08
1.638653E+03 2.636077831406E+08
1.891557E+02 2.636077831421E+08
1.415148E+03 2.636077831528E+08
5.800346E+01 2.636077831692E+08
2.203007E+02 2.636077831758E+08
1.789066E+02 2.636077831808E+08
8.255171E+01 2.636077831809E+08
1.625761E+02 2.636077832220E+08
2.111790E+02 2.636077832362E+08
7.276458E+01 2.636077832386E+08
1.205745E+02 2.636077832555E+08
2.187184E+03 2.636077832644E+08
2.519957E+02 2.636077832645E+08
5.502307E+02 2.636077832710E+08
1.563939E+02 2.636077832798E+08
4.859233E+01 2.636077832801E+08
6.800300E+01 2.636077832823E+08
5.110179E+02 2.636077832824E+08
1.223407E+02 2.636077833379E+08
9.267956E+01 2.636077833546E+08
1.402114E+02 2.636077833590E+08
5.540487E+01 2.636077833872E+08
7.716590E+01 2.636077834443E+08
1.093927E+02 2.636077834610E+08
8.848699E+02 2.636077834794E+08
5.284502E+01 2.636077834864E+08
2.439398E+02 2.636077834896E+08
2.541462E+02 2.636077835195E+08
4.438914E+03 2.636077835260E+08
2.212350E+02 2.636077835276E+08
1.166416E+02 2.636077835560E+08
5.681538E+01 2.636077835562E+08
1.032126E+02 2.636077835618E+08
2.205632E+03 2.636077835643E+08
1.224373E+02 2.636077835894E+08
4.797710E+01 2.636077836046E+08
9.958844E+01 2.636077836139E+08
8.889695E+01 2.636077836382E+08
3.969644E+01 2.636077836661E+08
7.670745E+01 2.636077837240E+08
5.807032E+02 2.636077837241E+08
1.264561E+02 2.636077837325E+08
3.160197E+02 2.636077837429E+08
6.668349E+01 2.636077838413E+08
4.509720E+01 2.636077838619E+08
2.031960E+02 2.636077838815E+08
5.552208E+01 2.636077838879E+08
7.708323E+01 2.636077839311E+08
7.386487E+02 2.636077839665E+08
4.142823E+02 2.636077840110E+08
4.644631E+02 2.636077840263E+08
1.925860E+02 2.636077840629E+08
9.911204E+02 2.636077841267E+08
1.914444E+02 2.636077841724E+08
1.690937E+03 2.636077842104E+08
5.244682E+01 2.636077842218E+08
6.096412E+02 2.636077842530E+08
4.584374E+01 2.636077842716E+08
7.097121E+01 2.636077843300E+08
9.517667E+01 2.636077843421E+08
4.814203E+02 2.636077843883E+08
6.144513E+01 2.636077844009E+08
1.586878E+02 2.636077844481E+08
1.345918E+02 2.636077845452E+08
5.259480E+01 2.636077845525E+08
3.054436E+02 2.636077845862E+08
9.910266E+01 2.636077846499E+08
1.232343E+02 2.636077847121E+08
2.027917E+02 2.636077847146E+08
1.107753E+02 2.636077847229E+08
4.370342E+01 2.636077847244E+08
2.529122E+02 2.636077847390E+08
2.153008E+03 2.636077849022E+08
1.189821E+02 2.636077849196E+08
2.566390E+02 2.636077849248E+08
2.038310E+02 2.636077849294E+08
2.541739E+02 2.636077849613E+08
4.962461E+02 2.636077850483E+08
1.375923E+03 2.636077851777E+08
3.614358E+01 2.636077852371E+08
3.916414E+02 2.636077853449E+08
6.487038E+01 2.636077853461E+08
2.088627E+02 2.636077853808E+08
2.639459E+03 2.636077854026E+08
4.384936E+01 2.636077854659E+08
6.484134E+01 2.636077855379E+08
3.706507E+03 2.636077856466E+08
5.152766E+01 2.636077857513E+08
8.837029E+01 2.636077860670E+08
2.033806E+02 2.636077862815E+08
2.188949E+02 2.636077863701E+08
6.401253E+02 2.636077864575E+08
5.292604E+01 2.636077865578E+08
8.260566E+02 2.636077866062E+08
1.242192E+02 2.636077867210E+08
4.438857E+01 2.636077867872E+08
1.291432E+03 2.636077868898E+08
4.190424E+01 2.636077869609E+08
3.670902E+02 2.636077872526E+08
2.659877E+02 2.636077872885E+08
8.968900E+02 2.636077873266E+08
5.531845E+02 2.636077874125E+08
2.666063E+02 2.636077880251E+08
1.998529E+02 2.636077882838E+08
1.030363E+02 2.636077886845E+08
3.701625E+01 2.636077895981E+08
1.721844E+02 2.636077898098E+08
1.006635E+03 2.636077912658E+08
1.662099E+03 2.636077916187E+08
3.320314E+02 2.636077920785E+08
1.088988E+02 2.636077923735E+08
2.103745E+02 2.636077938488E+08
3.805249E+01 2.636077943385E+08
1.368968E+02 2.636077956407E+08
1.090466E+02 2.636077961414E+08
1.296313E+02 2.636078017192E+08
7.301188E+01 2.636078021551E+08
5.376812E+01 2.636078022570E+08
9.825126E+01 2.636078024557E+08
1.475262E+02 2.636078030501E+08
1.093169E+02 2.636078032501E+08
1.460020E+03 2.636078050829E+08
1.290270E+02 2.636078055554E+08
3.449117E+01 2.636078080578E+08
2.880141E+02 2.636078085055E+08
2.289194E+02 2.636078114084E+08
9.688940E+01 2.636078116356E+08
2.390037E+02 2.636078130490E+08
1.291969E+03 2.636078205718E+08
3.296052E+01 2.636078250524E+08
1.845557E+03 2.636078272031E+08
9.550611E+01 2.636078277730E+08
1.968665E+02 2.636078280532E+08
5.146863E+02 2.636078296039E+08
1.542326E+03 2.636078299662E+08
1.577899E+02 2.636078315896E+08
8.962106E+01 2.636078337090E+08
1.880452E+03 2.636078453030E+08
5.187358E+01 2.636078473724E+08
1.538051E+02 2.636078531903E+08
1.095281E+02 2.636078717382E+08
2.492112E+02 2.636078776686E+08
1.366258E+03 2.636078808974E+08
2.655631E+02 2.636078828212E+08
9.968658E+01 2.636078935354E+08
4.071959E+01 2.636079164117E+08
1.765965E+02 2.636079194159E+08
1.625689E+02 2.636079255608E+08
2.244741E+02 2.636079519503E+08
1.413400E+02 2.636080218641E+08
4.390987E+01 2.636080298105E+08
3.950496E+01 2.636080506756E+08
6.751643E+01 2.636077764913E+08
3.562292E+01 2.636077827002E+08
9.069280E+01 2.636077827052E+08
5.608078E+01 2.636077827281E+08
3.842474E+01 2.636077828181E+08
4.743287E+01 2.636077828768E+08
8.040276E+01 2.636077830364E+08
4.406370E+01 2.636077830375E+08
4.128489E+01 2.636077830460E+08
6.679971E+01 2.636077830696E+08
1.899209E+02 2.636077831633E+08
2.072981E+02 2.636077833034E+08
5.028127E+01 2.636077835565E+08
1.468571E+02 2.636077837143E+08
4.825380E+01 2.636077839011E+08
1.709196E+02 2.636077842066E+08
1.034632E+02 2.636077843997E+08
6.392634E+01 2.636077844463E+08
9.043610E+01 2.636077849781E+08
5.752207E+01 2.636077853198E+08
1.241302E+02 2.636077856007E+08
5.189071E+01 2.636077863003E+08
1.290445E+02 2.636077864248E+08
3.759902E+01 2.636077886634E+08
3.054869E+01 2.636077955080E+08
3.387978E+01 2.636078085570E+08
1.154796E+02 2.636078194921E+08
1.217943E+02 2.636079389739E+08
3.462166E+01 2.636077723704E+08
2.006974E+02 2.636077826397E+08
8.493452E+01 2.636077826814E+08
4.467319E+01 2.636077827077E+08
1.312683E+02 2.636077827089E+08
1.710144E+02 2.636077827226E+08
1.872546E+02 2.636077827369E+08
8.606639E+02 2.636077827716E+08
8.236462E+01 2.636077827726E+08
8.820846E+01 2.636077827847E+08
6.503088E+01 2.636077827981E+08
5.489245E+01 2.636077828010E+08
8.703495E+01 2.636077828388E+08
3.602565E+01 2.636077828656E+08
1.976994E+02 2.636077828805E+08
1.159637E+02 2.636077828852E+08
1.753782E+02 2.636077828891E+08
1.116912E+02 2.636077829333E+08
9.152065E+01 2.636077829508E+08
1.638740E+02 2.636077829791E+08
1.536516E+02 2.636077829858E+08
1.814365E+02 2.636077830253E+08
1.175180E+02 2.636077830315E+08
1.896329E+02 2.636077830407E+08
9.745802E+01 2.636077830705E+08
4.450404E+01 2.636077830986E+08
9.185224E+01 2.636077831318E+08
3.502208E+02 2.636077831384E+08
4.134529E+01 2.636077831427E+08
1.207312E+02 2.636077831468E+08
9.899538E+01 2.636077831565E+08
1.640821E+02 2.636077831569E+08
8.082058E+01 2.636077831909E+08
9.754527E+01 2.636077831966E+08
2.527365E+02 2.636077832033E+08
9.235551E+01 2.636077832666E+08
6.176680E+01 2.636077833007E+08
1.165968E+02 2.636077833773E+08
6.923217E+01 2.636077833901E+08
3.687742E+02 2.636077834908E+08
1.039227E+02 2.636077837545E+08
9.718082E+01 2.636077839493E+08
1.131278E+02 2.636077841871E+08
5.834217E+01 2.636077842341E+08
6.639251E+01 2.636077842347E+08
6.939168E+01 2.636077844644E+08
4.434938E+01 2.636077844978E+08
4.536597E+01 2.636077845592E+08
2.392661E+02 2.636077845984E+08
9.570280E+01 2.636077846571E+08
1.214320E+02 2.636077846832E+08
6.919519E+01 2.636077849728E+08
7.993350E+01 2.636077851247E+08
3.378076E+01 2.636077852558E+08
3.158418E+02 2.636077854829E+08
3.593971E+01 2.636077856349E+08
6.527200E+01 2.636077864700E+08
5.578774E+01 2.636077866009E+08
7.359876E+01 2.636077870918E+08
7.794608E+01 2.636077871056E+08
4.136187E+01 2.636077877651E+08
5.412947E+01 2.636077882146E+08
6.137769E+01 2.636077883432E+08
4.810659E+01 2.636077884146E+08
1.190876E+02 2.636077892455E+08
1.023103E+02 2.636077892578E+08
6.159735E+01 2.636077897181E+08
5.372547E+01 2.636077910323E+08
5.708189E+01 2.636077927579E+08
1.069036E+02 2.636077941204E+08
1.792693E+02 2.636078000130E+08
8.131654E+01 2.636078007266E+08
6.348337E+01 2.636078018200E+08
2.366591E+02 2.636078045708E+08
4.076893E+01 2.636078050221E+08
6.761872E+01 2.636078055033E+08
5.474979E+01 2.636078065164E+08
1.011611E+02 2.636078145600E+08
7.676003E+01 2.636078207238E+08
2.162142E+02 2.636078275728E+08
5.466791E+01 2.636079081732E+08
6.752229E+01 2.636079091626E+08
4.013506E+01 2.636079241533E+08
4.411880E+01 2.636079448955E+08
4.046219E+02 2.636079646717E+08
3.282040E+02 2.636079936851E+08
6.359132E+01 2.636080465499E+08
