1.221009E+02 3.887416407577E+08
1.089047E+02 3.887416475684E+08
6.916057E+01 3.887416518404E+08
8.175256E+01 3.887416575434E+08
1.075807E+02 3.887416628921E+08
4.679502E+01 3.887416888305E+08
1.523731E+02 3.887417504138E+08
4.164389E+01 3.887418044538E+08
4.573536E+01 3.887418135955E+08
1.167471E+02 3.887418442586E+08
5.972031E+01 3.887418783282E+08
7.982533E+01 3.887418916065E+08
3.168487E+01 3.887418937038E+08
1.768692E+02 3.887419573445E+08
2.298090E+02 3.887419976258E+08
1.479529E+02 3.887420033816E+08
3.506600E+01 3.887420057948E+08
5.395391E+01 3.887420503320E+08
1.241381E+02 3.887420707324E+08
3.520624E+01 3.887420797283E+08
4.301357E+01 3.887421034583E+08
8.574107E+01 3.887416295407E+08
8.227409E+01 3.887416399077E+08
7.835304E+01 3.887416511445E+08
3.495141E+01 3.887416785179E+08
1.206660E+02 3.887416972951E+08
4.336660E+01 3.887419223960E+08
4.529410E+01 3.887419645182E+08
1.117254E+02 3.887421082932E+08
1.322546E+02 3.887416434494E+08
9.502581E+01 3.887416478742E+08
5.953179E+02 3.887416517989E+08
1.966175E+02 3.887416570189E+08
1.135541E+02 3.887416663448E+08
1.026734E+02 3.887416687118E+08
6.136743E+01 3.887416752524E+08
3.475277E+01 3.887416768903E+08
8.964967E+02 3.887416936300E+08
4.768112E+01 3.887417394505E+08
4.637284E+01 3.887417603674E+08
4.306007E+02 3.887418054771E+08
3.738199E+01 3.887418378411E+08
1.751760E+02 3.887418595220E+08
8.527625E+01 3.887418754418E+08
6.404472E+01 3.887418767353E+08
6.830967E+01 3.887418777608E+08
5.297625E+01 3.887418881837E+08
5.217865E+01 3.887419080414E+08
4.190987E+01 3.887419996740E+08
3.003738E+01 3.887420153435E+08
2.178468E+02 3.887416293866E+08
1.492356E+02 3.887416294576E+08
3.987970E+01 3.887416294740E+08
1.897660E+02 3.887416295644E+08
1.172862E+02 3.887416295783E+08
8.102412E+01 3.887416295788E+08
1.210224E+02 3.887416296788E+08
2.805679E+02 3.887416299358E+08
2.520483E+02 3.887416304592E+08
1.567187E+02 3.887416324994E+08
4.768426E+02 3.887416347293E+08
4.209391E+01 3.887416351271E+08
1.830236E+02 3.887416357044E+08
6.604841E+02 3.887416360214E+08
2.761874E+02 3.887416364639E+08
1.164812E+02 3.887416373093E+08
1.900553E+02 3.887416375568E+08
8.107222E+02 3.887416380887E+08
5.592599E+01 3.887416382179E+08
5.330404E+01 3.887416384893E+08
1.467044E+02 3.887416385004E+08
9.417937E+01 3.887416385877E+08
1.748079E+02 3.887416386502E+08
7.739924E+02 3.887416387165E+08
6.543733E+02 3.887416389318E+08
1.891364E+02 3.887416389901E+08
3.411373E+02 3.887416391714E+08
1.125992E+02 3.887416393508E+08
4.479887E+02 3.887416395892E+08
1.702723E+02 3.887416398840E+08
2.906079E+02 3.887416400162E+08
1.593966E+02 3.887416402235E+08
1.030732E+02 3.887416403842E+08
8.664960E+03 3.887416403877E+08
1.696744E+02 3.887416404171E+08
6.480907E+01 3.887416404759E+08
4.554709E+02 3.887416404931E+08
5.926548E+01 3.887416405464E+08
1.467982E+03 3.887416410226E+08
2.624797E+02 3.887416410808E+08
6.675506E+01 3.887416415457E+08
8.238777E+01 3.887416417420E+08
1.085586E+02 3.887416418467E+08
4.089129E+01 3.887416423784E+08
4.833273E+02 3.887416425200E+08
2.817821E+02 3.887416426041E+08
9.104201E+01 3.887416426431E+08
2.077297E+02 3.887416427354E+08
5.776207E+02 3.887416429029E+08
1.302939E+02 3.887416429123E+08
3.909798E+02 3.887416431551E+08
1.506988E+03 3.887416431774E+08
1.232596E+02 3.887416432991E+08
1.138949E+02 3.887416433687E+08
1.060447E+02 3.887416433763E+08
3.158793E+02 3.887416433766E+08
4.653397E+02 3.887416439130E+08
4.037834E+02 3.887416440505E+08
6.614625E+02 3.887416441562E+08
1.482667E+02 3.887416442272E+08
7.341756E+01 3.887416442493E+08
9.881793E+03 3.887416444639E+08
9.876299E+01 3.887416445619E+08
1.830812E+02 3.887416447792E+08
1.821582E+02 3.887416448720E+08
1.006249E+02 3.887416449033E+08
3.125991E+02 3.887416455482E+08
1.970547E+03 3.887416456424E+08
1.247968E+02 3.887416456650E+08
2.274136E+02 3.887416460099E+08
2.381641E+03 3.887416460668E+08
4.124960E+02 3.887416462218E+08
1.813188E+02 3.887416462847E+08
8.478829E+01 3.887416463508E+08
7.714212E+01 3.887416463606E+08
5.949327E+01 3.887416463701E+08
7.417804E+02 3.887416465201E+08
2.862016E+02 3.887416466840E+08
7.710688E+04 3.887416480644E+08
1.955130E+02 3.887416482907E+08
8.041164E+01 3.887416487720E+08
2.346975E+02 3.887416488650E+08
5.311774E+03 3.887416496249E+08
8.628458E+01 3.887416497359E+08
1.974381E+02 3.887416500365E+08
4.753779E+03 3.887416502228E+08
1.377154E+02 3.887416503671E+08
1.177477E+02 3.887416506114E+08
3.066673E+03 3.887416510522E+08
6.207731E+02 3.887416511988E+08
4.258268E+03 3.887416512289E+08
1.230389E+02 3.887416512360E+08
6.450549E+01 3.887416512454E+08
1.273334E+03 3.887416513834E+08
6.616260E+02 3.887416517070E+08
4.619775E+02 3.887416518322E+08
6.114524E+01 3.887416518857E+08
8.621636E+01 3.887416518912E+08
1.543723E+02 3.887416519108E+08
9.097675E+01 3.887416519213E+08
1.415569E+03 3.887416520179E+08
2.073818E+03 3.887416520342E+08
5.836401E+02 3.887416520861E+08
3.545387E+01 3.887416521269E+08
6.187508E+01 3.887416524493E+08
1.085064E+04 3.887416526455E+08
1.358325E+02 3.887416526521E+08
4.215992E+02 3.887416526895E+08
1.200052E+04 3.887416528960E+08
3.421934E+01 3.887416529749E+08
8.014601E+01 3.887416533093E+08
8.329124E+03 3.887416533118E+08
6.504350E+01 3.887416533811E+08
9.215228E+01 3.887416535642E+08
1.918799E+03 3.887416536888E+08
8.983942E+01 3.887416536921E+08
8.653281E+01 3.887416540505E+08
1.088318E+03 3.887416542329E+08
7.181195E+01 3.887416545121E+08
1.100488E+02 3.887416549372E+08
4.433154E+02 3.887416553812E+08
4.402744E+02 3.887416556563E+08
7.531448E+01 3.887416561023E+08
6.808315E+02 3.887416563231E+08
2.603010E+03 3.887416564010E+08
2.163323E+02 3.887416565380E+08
1.296844E+02 3.887416565988E+08
8.223848E+02 3.887416567886E+08
2.494786E+02 3.887416575822E+08
1.828882E+02 3.887416578081E+08
3.039121E+02 3.887416578861E+08
5.810396E+02 3.887416581201E+08
4.750945E+02 3.887416581537E+08
3.614039E+02 3.887416582902E+08
1.335026E+02 3.887416583368E+08
2.347711E+02 3.887416583513E+08
1.021790E+02 3.887416583674E+08
7.965293E+01 3.887416583822E+08
2.054450E+02 3.887416588494E+08
1.794062E+02 3.887416590389E+08
4.586467E+02 3.887416591125E+08
8.686697E+01 3.887416591200E+08
1.692666E+02 3.887416602253E+08
2.662327E+02 3.887416612607E+08
1.570594E+03 3.887416615893E+08
7.808700E+01 3.887416618188E+08
1.270313E+03 3.887416619560E+08
4.001486E+02 3.887416622002E+08
2.789424E+02 3.887416623174E+08
3.256095E+03 3.887416623553E+08
8.660752E+01 3.887416623788E+08
5.140070E+02 3.887416626578E+08
5.490908E+01 3.887416628119E+08
1.607046E+02 3.887416631500E+08
5.908082E+02 3.887416636568E+08
6.881208E+01 3.887416639787E+08
7.626458E+01 3.887416640270E+08
6.426300E+01 3.887416641171E+08
6.418116E+01 3.887416641312E+08
1.041170E+03 3.887416646148E+08
3.331069E+02 3.887416647791E+08
3.696725E+02 3.887416649952E+08
3.974044E+02 3.887416651662E+08
1.779127E+03 3.887416653734E+08
1.217472E+02 3.887416657069E+08
1.031686E+02 3.887416657429E+08
9.088136E+02 3.887416663075E+08
4.413065E+01 3.887416664757E+08
9.886287E+03 3.887416670569E+08
1.583008E+02 3.887416678061E+08
1.278449E+03 3.887416689096E+08
2.211376E+02 3.887416692870E+08
3.986883E+02 3.887416694106E+08
1.080803E+02 3.887416702315E+08
1.373338E+02 3.887416721852E+08
4.719328E+02 3.887416733329E+08
1.660307E+02 3.887416733352E+08
7.681621E+01 3.887416749901E+08
2.050339E+02 3.887416752071E+08
4.464580E+02 3.887416752657E+08
2.252396E+02 3.887416755570E+08
1.112081E+03 3.887416757723E+08
1.637942E+03 3.887416763781E+08
2.841070E+04 3.887416770078E+08
1.978617E+02 3.887416771411E+08
6.776422E+01 3.887416781714E+08
8.153975E+02 3.887416786117E+08
1.136910E+02 3.887416789837E+08
1.039738E+02 3.887416801304E+08
1.286700E+02 3.887416804016E+08
6.559074E+02 3.887416820337E+08
2.086052E+02 3.887416827067E+08
1.584867E+03 3.887416834569E+08
2.416484E+02 3.887416838598E+08
4.321499E+01 3.887416840875E+08
2.217093E+02 3.887416843444E+08
6.566153E+01 3.887416849012E+08
6.192069E+01 3.887416855092E+08
9.662621E+02 3.887416855193E+08
6.952806E+01 3.887416855481E+08
4.090841E+02 3.887416858220E+08
2.712256E+02 3.887416866242E+08
3.509602E+02 3.887416866371E+08
1.036414E+02 3.887416873670E+08
4.543448E+01 3.887416874377E+08
1.819467E+02 3.887416877932E+08
8.783472E+02 3.887416881350E+08
7.655799E+02 3.887416882550E+08
1.887557E+02 3.887416885492E+08
1.234742E+02 3.887416900021E+08
1.449512E+02 3.887416910306E+08
8.867709E+01 3.887416918415E+08
2.633310E+02 3.887416921979E+08
1.218292E+04 3.887416938948E+08
2.957018E+02 3.887416946280E+08
6.929259E+01 3.887416951778E+08
4.441603E+01 3.887416953382E+08
2.568660E+02 3.887416963785E+08
9.341283E+01 3.887416964777E+08
1.856406E+03 3.887416966041E+08
4.183133E+02 3.887416969816E+08
1.052093E+02 3.887416978968E+08
8.020620E+01 3.887416992335E+08
7.188240E+02 3.887416996632E+08
7.606887E+02 3.887416998132E+08
2.084484E+02 3.887416998149E+08
1.649816E+02 3.887417009179E+08
1.315329E+02 3.887417026135E+08
3.154715E+03 3.887417026436E+08
1.186631E+02 3.887417031881E+08
3.231352E+03 3.887417033770E+08
2.099676E+02 3.887417053799E+08
3.953278E+01 3.887417056697E+08
9.613527E+01 3.887417066356E+08
9.856421E+01 3.887417073230E+08
3.867150E+04 3.887417078168E+08
3.286088E+02 3.887417084261E+08
2.021581E+02 3.887417088166E+08
1.286842E+04 3.887417099403E+08
1.418459E+02 3.887417103955E+08
7.548120E+01 3.887417114693E+08
2.166011E+02 3.887417121853E+08
2.949010E+03 3.887417127728E+08
3.180687E+03 3.887417132953E+08
2.769670E+02 3.887417140873E+08
2.690293E+04 3.887417141597E+08
1.956742E+02 3.887417142350E+08
1.257117E+02 3.887417146584E+08
9.679058E+01 3.887417148940E+08
6.397719E+01 3.887417156643E+08
3.198329E+02 3.887417158450E+08
4.774084E+02 3.887417159559E+08
2.170302E+02 3.887417162073E+08
2.295455E+02 3.887417165423E+08
2.307627E+02 3.887417168035E+08
1.308544E+02 3.887417178205E+08
1.117306E+02 3.887417180888E+08
1.422435E+02 3.887417183995E+08
1.440214E+03 3.887417184118E+08
1.294557E+03 3.887417202985E+08
9.545852E+02 3.887417226991E+08
6.173777E+02 3.887417227312E+08
1.501064E+02 3.887417231583E+08
8.051208E+02 3.887417274438E+08
8.749843E+01 3.887417277256E+08
7.702930E+01 3.887417282724E+08
1.844618E+02 3.887417283212E+08
9.275938E+01 3.887417291353E+08
1.713918E+02 3.887417306299E+08
9.527077E+01 3.887417307856E+08
2.545293E+02 3.887417308240E+08
3.028086E+02 3.887417322369E+08
1.742275E+02 3.887417330064E+08
3.344704E+02 3.887417330337E+08
5.970881E+01 3.887417338652E+08
2.621774E+02 3.887417354473E+08
4.221553E+01 3.887417355493E+08
7.636780E+01 3.887417359755E+08
2.592178E+02 3.887417366063E+08
1.967801E+02 3.887417373363E+08
3.403628E+01 3.887417375548E+08
1.149662E+03 3.887417380176E+08
2.336930E+02 3.887417380872E+08
7.703233E+02 3.887417382837E+08
1.000852E+03 3.887417386844E+08
1.651319E+02 3.887417406650E+08
2.152224E+02 3.887417410033E+08
3.186411E+02 3.887417416687E+08
3.204586E+02 3.887417418734E+08
6.593314E+02 3.887417419742E+08
1.499760E+03 3.887417422292E+08
9.438653E+01 3.887417429113E+08
1.399894E+02 3.887417429697E+08
2.721808E+02 3.887417461743E+08
1.817185E+02 3.887417476882E+08
4.305426E+01 3.887417477824E+08
6.316817E+02 3.887417486741E+08
1.490778E+02 3.887417487373E+08
1.490246E+04 3.887417487409E+08
3.615376E+01 3.887417491955E+08
5.178252E+01 3.887417509566E+08
6.556917E+03 3.887417525334E+08
1.042491E+02 3.887417529760E+08
3.046094E+02 3.887417533762E+08
3.160445E+01 3.887417545854E+08
7.688813E+01 3.887417550595E+08
7.051623E+01 3.887417558937E+08
4.471501E+01 3.887417574147E+08
8.198458E+03 3.887417588593E+08
6.136811E+01 3.887417596535E+08
5.043414E+02 3.887417604650E+08
8.718709E+01 3.887417605638E+08
2.536904E+02 3.887417614468E+08
5.819511E+01 3.887417618715E+08
6.727871E+01 3.887417654495E+08
5.687194E+01 3.887417655995E+08
1.011944E+02 3.887417692382E+08
2.535716E+04 3.887417705287E+08
1.846742E+02 3.887417727675E+08
8.737218E+01 3.887417730481E+08
7.841450E+01 3.887417739060E+08
6.734199E+02 3.887417746238E+08
5.352636E+02 3.887417747257E+08
7.019820E+02 3.887417770523E+08
9.056011E+02 3.887417770915E+08
4.824141E+02 3.887417772851E+08
4.679608E+01 3.887417773422E+08
3.419147E+01 3.887417779894E+08
4.047165E+03 3.887417788639E+08
1.735325E+02 3.887417789257E+08
1.753202E+02 3.887417796557E+08
7.140229E+01 3.887417797789E+08
1.686490E+02 3.887417802287E+08
6.193727E+02 3.887417813801E+08
1.648839E+02 3.887417837743E+08
5.008850E+02 3.887417839547E+08
1.100096E+02 3.887417857015E+08
2.166245E+02 3.887417866292E+08
1.099923E+02 3.887417868574E+08
5.906270E+01 3.887417870468E+08
5.857357E+01 3.887417882816E+08
3.155884E+01 3.887417883481E+08
3.055795E+02 3.887417891488E+08
1.393413E+02 3.887417902099E+08
3.873606E+02 3.887417902941E+08
1.120763E+02 3.887417919449E+08
1.448773E+02 3.887417935588E+08
1.370548E+02 3.887417951747E+08
2.374997E+02 3.887417966360E+08
8.858883E+01 3.887417967691E+08
1.884723E+02 3.887417972405E+08
5.131935E+01 3.887417976478E+08
4.809518E+01 3.887417979189E+08
3.803955E+01 3.887417995402E+08
3.473278E+01 3.887418004071E+08
1.179021E+02 3.887418004780E+08
3.189429E+01 3.887418006365E+08
1.028084E+02 3.887418015704E+08
1.090426E+02 3.887418017942E+08
4.089417E+02 3.887418018157E+08
1.561149E+02 3.887418024070E+08
1.857375E+02 3.887418028731E+08
2.572920E+02 3.887418033043E+08
6.571417E+02 3.887418038502E+08
2.050695E+02 3.887418040307E+08
1.775973E+02 3.887418050846E+08
2.174568E+03 3.887418062582E+08
5.037988E+01 3.887418066354E+08
2.281849E+02 3.887418073895E+08
1.971893E+02 3.887418077550E+08
8.598323E+01 3.887418077645E+08
4.797515E+01 3.887418129984E+08
4.513077E+01 3.887418133258E+08
4.855006E+01 3.887418139263E+08
5.752240E+03 3.887418141114E+08
8.304550E+01 3.887418147194E+08
4.718736E+01 3.887418148579E+08
1.277082E+02 3.887418159819E+08
3.648219E+02 3.887418168068E+08
4.207411E+02 3.887418195546E+08
7.464443E+01 3.887418198664E+08
4.234255E+02 3.887418200092E+08
5.159364E+01 3.887418205702E+08
1.993479E+02 3.887418225623E+08
1.023607E+02 3.887418234303E+08
6.946761E+02 3.887418236224E+08
8.442645E+01 3.887418237636E+08
1.322438E+02 3.887418238705E+08
3.241309E+03 3.887418262573E+08
8.183485E+01 3.887418268490E+08
8.617377E+02 3.887418271903E+08
5.667078E+02 3.887418274929E+08
3.610039E+01 3.887418291522E+08
1.404332E+03 3.887418294716E+08
6.559066E+01 3.887418297195E+08
5.480722E+01 3.887418305029E+08
6.452545E+01 3.887418313242E+08
5.923099E+01 3.887418326109E+08
1.582498E+02 3.887418340352E+08
2.259362E+02 3.887418351991E+08
5.291634E+02 3.887418366193E+08
1.452276E+02 3.887418388993E+08
3.530732E+01 3.887418392518E+08
1.090579E+02 3.887418399749E+08
6.047546E+01 3.887418409359E+08
1.107109E+03 3.887418425079E+08
5.119618E+03 3.887418426730E+08
1.173541E+04 3.887418433574E+08
7.830318E+01 3.887418437092E+08
5.873461E+02 3.887418444171E+08
7.412812E+02 3.887418447504E+08
1.176419E+02 3.887418451201E+08
3.230666E+01 3.887418466739E+08
1.708172E+04 3.887418468876E+08
4.034704E+02 3.887418468881E+08
8.209016E+01 3.887418474069E+08
1.535252E+03 3.887418476774E+08
4.290448E+01 3.887418488960E+08
1.172873E+02 3.887418491944E+08
5.020996E+01 3.887418494292E+08
2.396843E+02 3.887418497334E+08
8.921900E+02 3.887418517458E+08
7.503819E+01 3.887418519683E+08
6.505322E+01 3.887418526249E+08
1.939166E+03 3.887418533320E+08
3.036631E+02 3.887418537400E+08
1.144891E+03 3.887418589570E+08
1.064667E+03 3.887418600523E+08
2.420493E+02 3.887418609976E+08
2.440696E+02 3.887418611763E+08
4.041184E+02 3.887418615110E+08
8.233974E+01 3.887418620604E+08
3.152375E+01 3.887418621692E+08
1.476858E+02 3.887418667300E+08
1.176344E+02 3.887418669460E+08
3.183609E+02 3.887418715060E+08
9.119617E+02 3.887418717993E+08
9.411639E+04 3.887418725497E+08
1.758571E+02 3.887418727293E+08
6.512189E+02 3.887418740476E+08
1.962476E+02 3.887418740717E+08
8.178972E+01 3.887418743544E+08
9.045852E+01 3.887418771275E+08
4.708008E+02 3.887418772497E+08
8.462090E+01 3.887418773722E+08
2.782611E+02 3.887418777064E+08
2.438448E+03 3.887418786464E+08
9.811523E+01 3.887418786700E+08
7.444682E+01 3.887418789651E+08
7.437397E+01 3.887418792427E+08
4.906430E+01 3.887418804002E+08
1.786918E+02 3.887418811364E+08
1.566764E+02 3.887418813405E+08
6.950980E+01 3.887418818543E+08
1.989524E+02 3.887418846462E+08
2.987490E+02 3.887418852826E+08
5.742057E+04 3.887418857018E+08
8.346387E+02 3.887418864831E+08
1.025396E+02 3.887418869244E+08
6.835712E+01 3.887418884597E+08
6.128294E+01 3.887418887876E+08
1.164305E+03 3.887418897301E+08
2.947864E+02 3.887418899000E+08
5.212853E+01 3.887418905780E+08
5.341529E+02 3.887418906269E+08
1.388280E+02 3.887418930937E+08
1.497445E+02 3.887418937252E+08
7.140044E+01 3.887418944695E+08
6.141280E+01 3.887418951675E+08
9.496017E+01 3.887418970841E+08
1.096619E+02 3.887418982514E+08
4.204141E+02 3.887418983000E+08
3.331142E+01 3.887418984598E+08
7.604206E+02 3.887418989437E+08
7.397649E+01 3.887418993485E+08
7.694250E+01 3.887419007686E+08
9.269763E+01 3.887419018645E+08
8.647462E+02 3.887419071721E+08
1.091437E+02 3.887419077473E+08
2.476390E+02 3.887419084353E+08
2.682947E+02 3.887419093585E+08
2.282880E+02 3.887419094747E+08
1.969001E+02 3.887419119727E+08
4.535030E+01 3.887419131538E+08
4.710084E+01 3.887419160758E+08
3.205609E+02 3.887419184887E+08
7.897422E+01 3.887419194802E+08
4.045537E+02 3.887419206280E+08
3.675898E+02 3.887419232205E+08
1.034517E+02 3.887419239098E+08
5.709663E+02 3.887419258157E+08
1.355912E+02 3.887419267437E+08
3.333434E+01 3.887419275757E+08
3.023528E+02 3.887419322892E+08
7.953832E+02 3.887419343858E+08
8.086147E+01 3.887419364958E+08
7.962142E+01 3.887419365368E+08
3.023139E+02 3.887419370814E+08
1.220278E+02 3.887419383441E+08
8.282896E+02 3.887419386800E+08
1.370561E+02 3.887419389476E+08
1.017205E+02 3.887419400924E+08
1.338098E+02 3.887419423052E+08
1.727543E+03 3.887419424302E+08
8.678420E+02 3.887419441220E+08
1.920161E+02 3.887419450639E+08
2.802401E+02 3.887419480637E+08
5.490272E+01 3.887419492835E+08
2.162134E+02 3.887419504078E+08
6.953820E+01 3.887419510513E+08
1.069139E+02 3.887419527898E+08
2.596286E+02 3.887419542930E+08
5.404323E+01 3.887419551454E+08
6.266507E+01 3.887419587745E+08
6.504247E+01 3.887419591023E+08
1.786205E+02 3.887419603367E+08
5.362051E+02 3.887419608247E+08
6.151300E+01 3.887419608567E+08
9.038800E+01 3.887419618284E+08
7.618595E+02 3.887419620119E+08
3.467283E+01 3.887419627108E+08
9.233328E+01 3.887419638079E+08
7.884200E+01 3.887419644695E+08
8.642427E+01 3.887419649638E+08
6.795833E+01 3.887419650374E+08
1.086770E+03 3.887419655196E+08
8.452557E+01 3.887419666382E+08
3.127866E+01 3.887419668228E+08
2.805326E+02 3.887419668669E+08
6.048380E+01 3.887419694171E+08
1.437868E+02 3.887419694496E+08
6.042312E+01 3.887419695869E+08
2.752227E+02 3.887419701111E+08
4.881713E+01 3.887419730965E+08
5.722128E+02 3.887419753451E+08
1.259622E+02 3.887419771146E+08
5.976683E+01 3.887419800635E+08
1.417234E+02 3.887419809566E+08
4.868553E+01 3.887419814879E+08
1.854950E+02 3.887419817313E+08
1.748435E+03 3.887419821335E+08
5.870292E+02 3.887419845770E+08
1.883035E+02 3.887419885156E+08
1.318901E+02 3.887419901012E+08
8.935854E+01 3.887419903324E+08
1.255043E+02 3.887419916515E+08
2.626474E+02 3.887419927137E+08
1.176851E+03 3.887419929645E+08
6.809112E+01 3.887419950997E+08
7.094344E+02 3.887419962635E+08
5.802310E+01 3.887419970592E+08
1.602735E+02 3.887419983364E+08
2.123056E+02 3.887420004034E+08
7.836205E+02 3.887420006271E+08
1.394111E+02 3.887420010309E+08
1.419106E+03 3.887420025006E+08
4.341301E+01 3.887420033684E+08
1.149007E+02 3.887420117215E+08
1.329897E+02 3.887420147729E+08
5.562791E+01 3.887420155317E+08
5.119714E+01 3.887420158125E+08
5.941227E+02 3.887420188438E+08
9.922720E+02 3.887420197919E+08
8.946064E+01 3.887420198321E+08
2.857094E+02 3.887420201845E+08
4.218013E+01 3.887420205932E+08
2.321198E+02 3.887420213584E+08
9.971786E+01 3.887420232407E+08
4.615630E+02 3.887420249837E+08
5.732258E+01 3.887420251948E+08
7.359163E+01 3.887420253427E+08
5.399724E+02 3.887420270836E+08
3.622964E+02 3.887420304853E+08
4.756624E+02 3.887420308554E+08
1.848345E+02 3.887420309277E+08
1.587144E+02 3.887420329873E+08
5.809733E+01 3.887420337810E+08
1.203288E+02 3.887420353422E+08
1.295117E+02 3.887420383853E+08
2.584711E+02 3.887420407512E+08
4.498520E+01 3.887420444795E+08
3.232867E+01 3.887420460420E+08
2.478497E+02 3.887420463651E+08
3.509935E+01 3.887420470466E+08
1.607318E+02 3.887420516621E+08
9.659123E+01 3.887420534617E+08
6.673432E+01 3.887420543970E+08
4.125742E+01 3.887420555881E+08
5.236776E+01 3.887420601701E+08
9.445663E+01 3.887420603241E+08
3.209644E+01 3.887420606998E+08
4.991747E+01 3.887420667922E+08
3.709125E+01 3.887420675713E+08
1.084284E+02 3.887420695236E+08
4.237993E+02 3.887420718285E+08
6.974000E+01 3.887420726840E+08
1.374261E+03 3.887420746420E+08
2.714000E+02 3.887420764658E+08
6.923187E+01 3.887420779456E+08
1.006699E+02 3.887420781634E+08
1.247627E+02 3.887420835932E+08
1.900918E+02 3.887420937691E+08
5.415728E+01 3.887420946506E+08
5.572484E+02 3.887420955787E+08
7.443678E+01 3.887420964372E+08
2.170483E+02 3.887420966689E+08
2.180291E+02 3.887420971689E+08
5.803884E+03 3.887420985470E+08
5.241862E+01 3.887420989462E+08
4.245426E+01 3.887420995314E+08
7.967469E+01 3.887421005224E+08
2.123313E+02 3.887421008064E+08
1.225839E+02 3.887421075164E+08
2.798593E+02 3.887421081688E+08
4.322796E+02 3.887421135127E+08
1.510619E+03 3.887421155342E+08
3.286777E+01 3.887421156839E+08
4.211629E+01 3.887421164145E+08
8.953329E+01 3.887421182488E+08
7.916547E+01 3.887421197244E+08
6.611330E+01 3.887421242885E+08
1.295048E+02 3.887421263841E+08
1.759182E+02 3.887421275751E+08
2.542077E+02 3.887421295932E+08
4.823034E+01 3.887421296711E+08
6.141463E+01 3.887421305161E+08
3.118281E+01 3.887421347475E+08
4.714497E+01 3.887421437135E+08
7.357204E+01 3.887421646056E+08
6.941454E+01 3.887421756191E+08
3.337165E+02 3.887421957977E+08
3.954655E+01 3.887422087341E+08
4.464504E+01 3.887416293500E+08
5.109140E+01 3.887416293538E+08
6.484837E+01 3.887416295471E+08
4.809564E+01 3.887416297597E+08
3.275994E+01 3.887416303006E+08
9.717566E+01 3.887416323527E+08
1.007413E+02 3.887416351242E+08
1.040761E+02 3.887416353073E+08
3.025042E+02 3.887416354433E+08
3.041290E+01 3.887416359315E+08
1.173077E+02 3.887416364081E+08
1.471226E+02 3.887416379313E+08
1.452439E+02 3.887416387138E+08
2.367632E+02 3.887416393311E+08
4.118070E+02 3.887416393507E+08
6.063147E+01 3.887416397492E+08
9.930987E+01 3.887416403979E+08
2.298875E+02 3.887416405269E+08
1.709853E+02 3.887416405280E+08
8.269495E+01 3.887416406024E+08
3.752170E+01 3.887416414260E+08
4.731916E+01 3.887416416088E+08
2.181495E+02 3.887416417363E+08
1.326745E+02 3.887416419277E+08
1.449105E+02 3.887416420567E+08
4.147917E+02 3.887416429078E+08
9.225066E+01 3.887416430605E+08
8.884425E+01 3.887416440769E+08
1.128038E+02 3.887416447066E+08
6.363107E+01 3.887416448055E+08
1.348034E+02 3.887416457238E+08
2.258918E+02 3.887416457388E+08
3.580756E+01 3.887416457662E+08
1.566134E+02 3.887416463070E+08
8.257242E+02 3.887416467589E+08
1.286326E+02 3.887416468600E+08
2.737166E+02 3.887416469497E+08
1.095235E+02 3.887416489988E+08
1.028882E+02 3.887416493511E+08
1.957802E+02 3.887416495012E+08
6.746111E+01 3.887416497914E+08
7.455959E+01 3.887416499502E+08
4.124407E+01 3.887416507899E+08
9.148167E+01 3.887416508895E+08
4.679817E+01 3.887416519433E+08
9.431050E+01 3.887416522426E+08
7.568955E+01 3.887416531278E+08
1.254554E+02 3.887416537293E+08
7.195528E+01 3.887416537468E+08
8.595470E+01 3.887416545471E+08
1.275275E+02 3.887416547153E+08
1.597020E+02 3.887416550495E+08
1.711796E+02 3.887416552377E+08
2.508505E+02 3.887416559303E+08
3.522810E+02 3.887416587558E+08
7.420667E+01 3.887416589021E+08
2.629178E+02 3.887416594651E+08
1.469186E+02 3.887416613212E+08
7.204940E+01 3.887416615384E+08
1.654381E+02 3.887416617071E+08
7.915551E+01 3.887416646483E+08
5.177798E+01 3.887416654257E+08
2.526244E+02 3.887416680509E+08
1.390119E+02 3.887416688528E+08
5.271412E+02 3.887416688864E+08
1.967524E+02 3.887416699636E+08
9.069029E+02 3.887416709162E+08
1.152375E+02 3.887416730144E+08
7.755219E+01 3.887416731092E+08
2.905907E+02 3.887416740044E+08
7.564360E+01 3.887416744749E+08
1.983119E+02 3.887416757792E+08
9.256974E+01 3.887416817094E+08
9.616144E+01 3.887416819342E+08
2.047040E+02 3.887416842142E+08
3.199839E+01 3.887416876923E+08
8.854852E+01 3.887416905170E+08
3.641807E+01 3.887416925444E+08
1.142774E+02 3.887416937386E+08
1.639582E+02 3.887416957162E+08
1.908296E+02 3.887416974890E+08
3.889487E+01 3.887416992811E+08
4.959569E+01 3.887417007133E+08
5.179647E+01 3.887417010268E+08
1.397953E+02 3.887417010287E+08
4.684933E+01 3.887417026368E+08
1.907743E+02 3.887417044282E+08
1.391036E+02 3.887417072989E+08
2.273011E+02 3.887417075208E+08
1.493674E+02 3.887417130688E+08
9.297237E+01 3.887417134689E+08
7.079642E+01 3.887417141513E+08
4.646952E+01 3.887417161094E+08
9.022939E+01 3.887417173404E+08
6.038900E+01 3.887417215913E+08
5.472454E+01 3.887417219335E+08
2.634365E+02 3.887417236253E+08
1.389133E+02 3.887417237632E+08
2.755284E+02 3.887417240754E+08
2.579157E+02 3.887417282825E+08
1.019773E+02 3.887417313416E+08
6.519806E+01 3.887417325298E+08
7.889887E+01 3.887417333384E+08
2.175241E+02 3.887417337173E+08
5.194567E+01 3.887417344131E+08
8.294731E+01 3.887417368693E+08
1.845517E+02 3.887417385768E+08
3.607719E+02 3.887417391099E+08
4.933157E+01 3.887417391672E+08
2.719368E+02 3.887417450138E+08
2.316359E+02 3.887417457346E+08
6.484423E+01 3.887417461551E+08
1.586260E+02 3.887417502916E+08
8.951180E+01 3.887417506521E+08
8.572160E+01 3.887417508786E+08
3.330945E+01 3.887417529210E+08
5.703229E+01 3.887417542944E+08
3.431289E+01 3.887417563242E+08
4.142912E+02 3.887417565975E+08
2.494375E+02 3.887417572608E+08
3.309220E+01 3.887417579119E+08
7.069902E+01 3.887417580793E+08
3.874150E+01 3.887417582360E+08
1.448032E+02 3.887417592174E+08
1.128781E+02 3.887417597239E+08
4.379826E+01 3.887417607487E+08
6.081535E+01 3.887417615820E+08
9.608685E+01 3.887417672594E+08
2.405273E+02 3.887417699333E+08
2.359528E+02 3.887417738485E+08
5.840059E+01 3.887417741351E+08
1.422516E+02 3.887417770779E+08
7.674847E+01 3.887417800573E+08
4.994118E+01 3.887417802448E+08
4.864924E+01 3.887417806086E+08
3.028162E+01 3.887417817822E+08
1.040140E+02 3.887417845268E+08
3.972727E+01 3.887417890536E+08
4.584742E+02 3.887417894821E+08
6.296955E+01 3.887417931526E+08
8.110049E+01 3.887417942830E+08
1.672556E+02 3.887417943899E+08
3.629935E+01 3.887417969751E+08
1.775329E+02 3.887417999711E+08
6.964317E+01 3.887418002138E+08
3.247870E+02 3.887418006007E+08
6.423799E+01 3.887418015636E+08
4.444994E+01 3.887418018027E+08
7.035195E+01 3.887418026901E+08
4.764219E+01 3.887418071940E+08
3.607767E+01 3.887418079304E+08
1.296471E+02 3.887418090226E+08
1.847932E+02 3.887418093593E+08
5.553403E+01 3.887418119709E+08
3.681638E+01 3.887418135470E+08
7.435815E+01 3.887418136426E+08
5.607302E+01 3.887418146393E+08
6.595445E+01 3.887418172205E+08
9.437490E+01 3.887418238180E+08
4.051046E+01 3.887418260514E+08
8.366871E+01 3.887418262465E+08
1.244545E+02 3.887418263106E+08
5.739159E+01 3.887418279504E+08
8.663205E+01 3.887418324921E+08
6.570058E+01 3.887418333398E+08
7.735985E+01 3.887418361409E+08
6.062792E+01 3.887418457598E+08
3.837776E+01 3.887418473494E+08
1.062919E+02 3.887418484793E+08
2.140099E+02 3.887418522049E+08
4.311215E+01 3.887418553056E+08
5.990507E+01 3.887418575852E+08
8.564735E+01 3.887418595078E+08
5.380136E+01 3.887418606549E+08
1.789575E+02 3.887418612461E+08
4.746450E+01 3.887418623074E+08
7.724878E+01 3.887418623555E+08
4.653082E+01 3.887418684054E+08
8.064366E+01 3.887418692135E+08
1.527539E+02 3.887418720211E+08
3.824153E+01 3.887418772337E+08
5.166010E+01 3.887418802644E+08
5.081728E+01 3.887418805607E+08
3.125068E+01 3.887418853608E+08
2.761791E+02 3.887418856520E+08
4.926950E+01 3.887418857957E+08
7.971852E+01 3.887418880078E+08
1.400069E+02 3.887418930402E+08
5.141264E+01 3.887418934727E+08
6.818048E+02 3.887418947174E+08
1.198543E+02 3.887418972170E+08
5.520918E+01 3.887419054767E+08
1.221760E+02 3.887419055923E+08
8.262507E+01 3.887419083254E+08
4.628953E+01 3.887419083368E+08
4.124626E+01 3.887419091350E+08
7.363747E+01 3.887419115020E+08
1.066660E+02 3.887419125575E+08
1.334424E+02 3.887419146796E+08
1.297547E+02 3.887419148219E+08
2.438163E+02 3.887419165552E+08
1.253985E+02 3.887419203653E+08
1.674148E+02 3.887419209831E+08
3.006129E+01 3.887419226454E+08
1.215713E+02 3.887419254526E+08
1.795107E+02 3.887419324055E+08
1.391693E+02 3.887419369428E+08
5.443400E+02 3.887419412061E+08
5.905494E+01 3.887419488872E+08
6.303920E+01 3.887419491023E+08
3.832317E+01 3.887419491118E+08
1.185768E+02 3.887419495037E+08
7.207846E+01 3.887419510222E+08
7.892049E+01 3.887419528696E+08
9.597943E+01 3.887419560314E+08
3.418999E+01 3.887419603521E+08
3.995169E+01 3.887419609025E+08
2.691756E+02 3.887419610386E+08
5.819646E+01 3.887419617318E+08
7.546114E+01 3.887419618680E+08
5.127410E+01 3.887419620824E+08
1.027496E+02 3.887419656030E+08
2.215241E+02 3.887419672488E+08
8.417368E+01 3.887419711498E+08
4.243546E+01 3.887419716519E+08
3.381058E+01 3.887419722926E+08
4.392645E+01 3.887419729197E+08
2.426889E+02 3.887419744917E+08
1.980065E+02 3.887419752685E+08
6.454781E+01 3.887419757770E+08
2.348956E+02 3.887419812820E+08
5.602660E+01 3.887419822584E+08
1.509558E+02 3.887419919336E+08
3.143456E+02 3.887419919586E+08
1.598710E+02 3.887419951803E+08
6.022184E+01 3.887419967603E+08
5.005634E+01 3.887420001543E+08
3.880583E+01 3.887420020813E+08
1.242703E+02 3.887420036462E+08
4.704779E+01 3.887420098024E+08
1.402396E+02 3.887420108275E+08
8.005518E+01 3.887420132775E+08
1.649903E+02 3.887420157612E+08
1.376938E+02 3.887420161842E+08
3.972046E+01 3.887420177985E+08
1.673164E+02 3.887420188385E+08
9.756061E+01 3.887420217973E+08
3.326131E+01 3.887420259410E+08
2.015725E+02 3.887420320002E+08
4.727731E+01 3.887420371853E+08
1.406946E+02 3.887420449166E+08
9.758029E+01 3.887420461342E+08
5.391059E+01 3.887420489673E+08
1.823604E+02 3.887420515977E+08
2.275832E+02 3.887420533945E+08
6.149191E+01 3.887420560218E+08
1.037331E+02 3.887420568469E+08
5.452277E+01 3.887420582810E+08
1.640822E+02 3.887420733969E+08
6.275500E+01 3.887420831901E+08
1.102123E+02 3.887420851133E+08
6.393913E+01 3.887420883128E+08
4.785826E+01 3.887420895636E+08
3.241306E+02 3.887420910711E+08
1.104241E+02 3.887420911390E+08
5.045160E+01 3.887420976313E+08
3.443273E+01 3.887421030375E+08
1.329954E+02 3.887421031273E+08
3.341187E+01 3.887421091500E+08
3.541104E+01 3.887421179645E+08
7.250042E+01 3.887421205668E+08
6.226058E+01 3.887421252994E+08
5.407633E+01 3.887421254668E+08
7.732494E+01 3.887421284728E+08
1.431208E+02 3.887421300145E+08
5.073465E+01 3.887421309791E+08
4.754408E+01 3.887421434396E+08
9.679333E+01 3.887416299342E+08
4.709033E+01 3.887416355856E+08
6.259882E+01 3.887416368887E+08
6.941189E+01 3.887416439958E+08
1.145459E+02 3.887416441787E+08
3.134784E+02 3.887416494084E+08
7.069908E+01 3.887416620536E+08
6.172885E+01 3.887416658961E+08
8.269443E+01 3.887416660916E+08
1.223604E+02 3.887416673925E+08
1.483947E+02 3.887416742996E+08
7.176506E+01 3.887416956493E+08
1.672728E+02 3.887416964244E+08
8.391066E+01 3.887416988147E+08
1.019277E+02 3.887416988370E+08
1.863042E+02 3.887417029907E+08
1.643056E+02 3.887417242292E+08
1.300947E+02 3.887417332180E+08
2.322953E+02 3.887417409977E+08
1.026422E+02 3.887417423176E+08
3.840019E+01 3.887417442010E+08
1.734459E+02 3.887417643899E+08
1.580790E+02 3.887417745017E+08
3.969061E+02 3.887417781546E+08
4.821638E+01 3.887417877987E+08
5.159061E+01 3.887417924574E+08
5.345744E+01 3.887417927350E+08
5.758540E+01 3.887417976604E+08
7.406548E+01 3.887417978975E+08
5.522707E+01 3.887418090866E+08
7.355048E+01 3.887418095344E+08
1.254591E+02 3.887418241490E+08
8.750922E+01 3.887418300094E+08
1.416759E+02 3.887418357444E+08
9.179544E+01 3.887418438951E+08
3.625072E+01 3.887418504352E+08
8.771412E+01 3.887418532709E+08
4.119648E+01 3.887418581741E+08
4.148104E+01 3.887418675448E+08
4.122511E+01 3.887418818676E+08
4.613321E+01 3.887418978405E+08
1.083971E+02 3.887419076280E+08
1.794132E+02 3.887419092343E+08
1.000111E+02 3.887419152932E+08
8.461099E+01 3.887419165464E+08
1.458271E+02 3.887419182033E+08
6.900420E+01 3.887419665684E+08
1.318944E+02 3.887419842243E+08
3.548369E+01 3.887420801337E+08
3.782246E+01 3.887420977660E+08
9.871345E+01 3.887421099732E+08
4.520958E+01 3.887421107326E+08
